(Real64
 (numDims 1)
 (size 801)
 (data 
   [ -6.439 -6.442 -6.442 -6.448 -6.45 -6.456 -6.456 -6.461 -6.453 -6.45 -6.456 -6.456 -6.456 -6.461 -6.47 -6.464 -6.461 -6.461 -6.464 -6.464 -6.464 -6.464 -6.459 -6.456 -6.456 -6.464 -6.472 -6.481 -6.492 -6.483 -6.481 -6.478 -6.475 -6.472 -6.47 -6.47 -6.472 -6.467 -6.47 -6.483 -6.494 -6.505 -6.513 -6.516 -6.516 -6.511 -6.505 -6.497 -6.486 -6.483 -6.472 -6.467 -6.472 -6.481 -6.492 -6.502 -6.505 -6.494 -6.486 -6.481 -6.467 -6.47 -6.478 -6.483 -6.492 -6.502 -6.513 -6.524 -6.533 -6.535 -6.535 -6.53 -6.519 -6.511 -6.502 -6.497 -6.489 -6.486 -6.486 -6.492 -6.5 -6.502 -6.502 -6.5 -6.5 -6.494 -6.486 -6.475 -6.533 -6.472 -6.47 -6.47 -6.47 -6.467 -6.47 -6.467 -6.464 -6.464 -6.461 -6.472 -6.483 -6.483 -6.483 -6.486 -6.492 -6.489 -6.486 -6.486 -6.483 -6.481 -6.472 -6.467 -6.47 -6.47 -6.472 -6.486 -6.502 -6.505 -6.505 -6.505 -6.502 -6.497 -6.494 -6.494 -6.502 -6.502 -6.508 -6.522 -6.527 -6.538 -6.544 -6.546 -6.546 -6.538 -6.527 -6.508 -6.497 -6.494 -6.492 -6.494 -6.505 -6.513 -6.527 -6.544 -6.546 -6.546 -6.541 -6.535 -6.519 -6.508 -6.494 -6.489 -6.486 -6.492 -6.5 -6.513 -6.524 -6.524 -6.533 -6.53 -6.519 -6.511 -6.505 -6.494 -6.486 -6.483 -6.486 -6.483 -6.481 -6.481 -6.483 -6.483 -6.483 -6.481 -6.478 -6.486 -6.492 -6.494 -6.502 -6.502 -6.505 -6.508 -6.508 -6.508 -6.505 -6.497 -6.494 -6.494 -6.502 -6.505 -6.508 -6.513 -6.516 -6.522 -6.522 -6.519 -6.516 -6.511 -6.508 -6.508 -6.513 -6.522 -6.533 -6.555 -6.557 -6.552 -6.546 -6.541 -6.538 -6.53 -6.527 -6.524 -6.524 -6.533 -6.544 -6.555 -6.566 -6.571 -6.563 -6.557 -6.546 -6.541 -6.538 -6.535 -6.53 -6.519 -6.522 -6.524 -6.535 -6.544 -6.555 -6.557 -6.56 -6.56 -6.552 -6.541 -6.535 -6.527 -6.524 -6.508 -6.502 -6.502 -6.505 -6.505 -6.505 -6.508 -6.497 -6.489 -6.486 -6.486 -6.486 -6.492 -6.492 -6.492 -6.494 -6.5 -6.502 -6.505 -6.508 -6.508 -6.505 -6.494 -6.486 -6.483 -6.483 -6.492 -6.5 -6.502 -6.505 -6.516 -6.522 -6.522 -6.522 -6.519 -6.516 -6.516 -6.511 -6.508 -6.508 -6.508 -6.513 -6.516 -6.516 -6.522 -6.585 -6.524 -6.508 -6.505 -6.508 -6.516 -6.524 -6.535 -6.555 -6.566 -6.577 -6.579 -6.579 -6.571 -6.549 -6.538 -6.53 -6.527 -6.527 -6.538 -6.555 -6.566 -6.579 -6.599 -6.604 -6.604 -6.601 -6.588 -6.574 -6.563 -6.546 -6.541 -6.53 -6.533 -6.538 -6.557 -6.568 -6.577 -6.579 -6.579 -6.568 -6.56 -6.552 -6.538 -6.535 -6.538 -6.535 -6.535 -6.546 -6.557 -6.568 -6.568 -6.566 -6.549 -6.535 -6.527 -6.524 -6.519 -6.516 -6.522 -6.524 -6.533 -6.538 -6.549 -6.555 -6.555 -6.555 -6.549 -6.546 -6.541 -6.53 -6.527 -6.524 -6.522 -6.519 -6.522 -6.519 -6.522 -6.524 -6.527 -6.535 -6.544 -6.557 -6.56 -6.568 -6.571 -6.571 -6.568 -6.552 -6.541 -6.53 -6.527 -6.527 -6.533 -6.544 -6.56 -6.571 -6.585 -6.593 -6.601 -6.601 -6.593 -6.579 -6.563 -6.557 -6.552 -6.555 -6.546 -6.557 -6.577 -6.593 -6.604 -6.607 -6.607 -6.601 -6.588 -6.571 -6.56 -6.557 -6.555 -6.56 -6.577 -6.593 -6.612 -6.623 -6.618 -6.61 -6.604 -6.588 -6.571 -6.56 -6.552 -6.549 -6.557 -6.568 -6.582 -6.601 -6.615 -6.623 -6.623 -6.621 -6.615 -6.604 -6.585 -6.557 -6.546 -6.544 -6.549 -6.56 -6.577 -6.59 -6.59 -6.599 -6.601 -6.604 -6.604 -6.604 -6.601 -6.599 -6.588 -6.579 -6.571 -6.56 -6.538 -6.535 -6.533 -6.533 -6.538 -6.549 -6.557 -6.571 -6.582 -6.585 -6.59 -6.585 -6.574 -6.568 -6.557 -6.546 -6.549 -6.555 -6.555 -6.566 -6.579 -6.59 -6.599 -6.604 -6.601 -6.593 -6.582 -6.574 -6.563 -6.56 -6.566 -6.571 -6.593 -6.612 -6.632 -6.643 -6.645 -6.64 -6.626 -6.615 -6.593 -6.579 -6.571 -6.568 -6.568 -6.571 -6.593 -6.623 -6.643 -6.662 -6.673 -6.67 -6.662 -6.643 -6.618 -6.582 -6.557 -6.538 -6.538 -6.549 -6.566 -6.582 -6.601 -6.615 -6.623 -6.623 -6.618 -6.596 -6.582 -6.568 -6.552 -6.546 -6.544 -6.61 -6.555 -6.546 -6.555 -6.568 -6.577 -6.577 -6.574 -6.571 -6.568 -6.563 -6.56 -6.56 -6.56 -6.566 -6.568 -6.571 -6.579 -6.582 -6.582 -6.579 -6.577 -6.577 -6.582 -6.593 -6.601 -6.596 -6.593 -6.588 -6.585 -6.582 -6.582 -6.59 -6.601 -6.612 -6.615 -6.626 -6.637 -6.64 -6.64 -6.626 -6.607 -6.582 -6.571 -6.568 -6.577 -6.599 -6.629 -6.662 -6.695 -6.719 -6.73 -6.73 -6.714 -6.684 -6.651 -6.61 -6.582 -6.574 -6.579 -6.601 -6.629 -6.659 -6.676 -6.695 -6.7 -6.698 -6.676 -6.654 -6.621 -6.585 -6.568 -6.557 -6.557 -6.568 -6.577 -6.59 -6.607 -6.615 -6.615 -6.607 -6.588 -6.574 -6.557 -6.541 -6.538 -6.544 -6.555 -6.566 -6.577 -6.582 -6.585 -6.585 -6.582 -6.56 -6.546 -6.538 -6.535 -6.535 -6.544 -6.555 -6.56 -6.571 -6.579 -6.582 -6.582 -6.585 -6.585 -6.601 -6.604 -6.604 -6.601 -6.593 -6.582 -6.574 -6.568 -6.563 -6.56 -6.557 -6.557 -6.566 -6.571 -6.582 -6.593 -6.601 -6.604 -6.596 -6.593 -6.588 -6.585 -6.582 -6.579 -6.571 -6.568 -6.571 -6.582 -6.604 -6.623 -6.637 -6.643 -6.645 -6.64 -6.632 -6.615 -6.593 -6.582 -6.557 -6.535 -6.53 -6.533 -6.538 -6.549 -6.557 -6.557 -6.552 -6.546 -6.538 -6.53 -6.527 -6.524 -6.522 -6.527 -6.538 -6.555 -6.568 -6.579 -6.59 -6.593 -6.593 -6.585 -6.574 -6.56 -6.546 -6.538 -6.527 -6.527 -6.533 -6.538 -6.555 -6.56 -6.566 -6.568 -6.568 -6.56 -6.552 -6.541 -6.535 -6.516 -6.508 -6.505 -6.508 -6.513 -6.516 -6.524 -6.524 -6.527 -6.533 -6.535 -6.538 -6.544 -6.549 -6.555 -6.557 -6.557 -6.557 -6.546 -6.535 -6.527 -6.519 -6.516 -6.524 -6.538 -6.546 -6.566 -6.577 -6.582 -6.59 -6.59 -6.585 -6.579 -6.571 -6.557 -6.552 -6.546 -6.538 -6.544 -6.555 -6.56 -6.568 -6.579 -6.579 -6.563 -6.552 -6.541 -6.538 -6.535 -6.535 -6.538 -6.557 -6.577 -6.593 -6.612 -6.618 -6.61 -6.607 -6.601 -6.582 -6.563 -6.546 -6.53 -6.527 -6.527 -6.538 -6.557 -6.571 -6.585 -6.593 -6.593 -6.593 -6.582 -6.571 -6.549 -6.524 -6.516 -6.511 -6.522 -6.527 -6.544 -6.555 -6.566 -6.568 -6.568 -6.563 -6.557 -6.546 -6.538 -6.527 -6.519 -6.527 -6.533 -6.533 ]
 )
)
(Real64
 (numDims 1)
 (size 801)
 (data 
   [ -6.442 -6.442 -6.439 -6.448 -6.45 -6.456 -6.456 -6.461 -6.459 -6.453 -6.45 -6.456 -6.461 -6.47 -6.47 -6.467 -6.464 -6.461 -6.464 -6.464 -6.464 -6.464 -6.459 -6.453 -6.456 -6.464 -6.472 -6.483 -6.486 -6.483 -6.481 -6.481 -6.481 -6.472 -6.472 -6.472 -6.472 -6.47 -6.478 -6.483 -6.494 -6.505 -6.516 -6.516 -6.516 -6.511 -6.505 -6.497 -6.489 -6.483 -6.475 -6.472 -6.472 -6.483 -6.492 -6.5 -6.502 -6.494 -6.486 -6.475 -6.467 -6.47 -6.481 -6.483 -6.492 -6.502 -6.513 -6.527 -6.533 -6.535 -6.535 -6.527 -6.519 -6.511 -6.502 -6.494 -6.489 -6.486 -6.492 -6.494 -6.502 -6.502 -6.502 -6.502 -6.5 -6.494 -6.486 -6.475 -6.533 -6.475 -6.472 -6.472 -6.472 -6.472 -6.472 -6.47 -6.467 -6.464 -6.461 -6.478 -6.481 -6.483 -6.486 -6.486 -6.492 -6.489 -6.486 -6.486 -6.486 -6.483 -6.472 -6.467 -6.47 -6.47 -6.472 -6.492 -6.5 -6.505 -6.505 -6.505 -6.502 -6.494 -6.489 -6.5 -6.502 -6.505 -6.508 -6.516 -6.533 -6.538 -6.544 -6.546 -6.549 -6.538 -6.527 -6.511 -6.502 -6.494 -6.492 -6.494 -6.505 -6.516 -6.533 -6.544 -6.549 -6.549 -6.541 -6.53 -6.519 -6.505 -6.497 -6.489 -6.486 -6.492 -6.5 -6.513 -6.524 -6.527 -6.527 -6.527 -6.519 -6.511 -6.502 -6.494 -6.489 -6.486 -6.486 -6.483 -6.481 -6.481 -6.483 -6.483 -6.481 -6.478 -6.481 -6.492 -6.492 -6.5 -6.502 -6.505 -6.505 -6.508 -6.508 -6.508 -6.505 -6.502 -6.5 -6.497 -6.5 -6.502 -6.508 -6.508 -6.522 -6.522 -6.522 -6.519 -6.516 -6.511 -6.513 -6.511 -6.513 -6.522 -6.533 -6.555 -6.56 -6.552 -6.546 -6.544 -6.535 -6.53 -6.527 -6.524 -6.527 -6.533 -6.544 -6.555 -6.56 -6.571 -6.568 -6.557 -6.552 -6.541 -6.538 -6.53 -6.527 -6.519 -6.522 -6.527 -6.535 -6.544 -6.555 -6.56 -6.56 -6.557 -6.552 -6.546 -6.535 -6.53 -6.524 -6.508 -6.497 -6.505 -6.505 -6.502 -6.505 -6.505 -6.502 -6.494 -6.489 -6.486 -6.486 -6.486 -6.492 -6.492 -6.494 -6.5 -6.502 -6.505 -6.508 -6.508 -6.505 -6.494 -6.486 -6.486 -6.486 -6.492 -6.494 -6.502 -6.505 -6.513 -6.522 -6.522 -6.522 -6.519 -6.516 -6.513 -6.511 -6.508 -6.508 -6.508 -6.513 -6.516 -6.516 -6.522 -6.577 -6.524 -6.511 -6.508 -6.508 -6.522 -6.524 -6.535 -6.555 -6.566 -6.577 -6.582 -6.582 -6.571 -6.549 -6.535 -6.53 -6.527 -6.527 -6.538 -6.555 -6.568 -6.585 -6.599 -6.604 -6.604 -6.604 -6.588 -6.574 -6.563 -6.549 -6.546 -6.535 -6.533 -6.538 -6.557 -6.568 -6.577 -6.577 -6.577 -6.571 -6.56 -6.546 -6.538 -6.535 -6.535 -6.53 -6.535 -6.549 -6.56 -6.568 -6.568 -6.568 -6.549 -6.538 -6.53 -6.524 -6.519 -6.516 -6.522 -6.524 -6.533 -6.544 -6.546 -6.555 -6.555 -6.555 -6.552 -6.549 -6.541 -6.527 -6.524 -6.522 -6.522 -6.519 -6.516 -6.522 -6.522 -6.524 -6.527 -6.538 -6.544 -6.555 -6.566 -6.571 -6.571 -6.577 -6.574 -6.557 -6.541 -6.53 -6.527 -6.524 -6.527 -6.544 -6.56 -6.571 -6.582 -6.599 -6.601 -6.601 -6.588 -6.579 -6.571 -6.56 -6.552 -6.546 -6.544 -6.557 -6.577 -6.59 -6.604 -6.607 -6.607 -6.604 -6.582 -6.571 -6.557 -6.555 -6.555 -6.56 -6.579 -6.599 -6.612 -6.623 -6.618 -6.61 -6.604 -6.588 -6.574 -6.56 -6.557 -6.552 -6.557 -6.568 -6.585 -6.599 -6.612 -6.623 -6.626 -6.626 -6.615 -6.601 -6.582 -6.56 -6.546 -6.541 -6.555 -6.566 -6.577 -6.593 -6.593 -6.599 -6.604 -6.604 -6.604 -6.604 -6.604 -6.596 -6.585 -6.582 -6.571 -6.563 -6.541 -6.535 -6.533 -6.535 -6.538 -6.549 -6.566 -6.577 -6.582 -6.585 -6.585 -6.585 -6.579 -6.568 -6.557 -6.552 -6.549 -6.557 -6.557 -6.566 -6.579 -6.593 -6.604 -6.604 -6.601 -6.593 -6.582 -6.568 -6.56 -6.557 -6.566 -6.577 -6.593 -6.615 -6.632 -6.643 -6.651 -6.64 -6.629 -6.61 -6.596 -6.582 -6.568 -6.568 -6.568 -6.577 -6.593 -6.618 -6.645 -6.665 -6.673 -6.673 -6.665 -6.64 -6.618 -6.582 -6.56 -6.541 -6.544 -6.555 -6.568 -6.585 -6.601 -6.615 -6.623 -6.621 -6.615 -6.604 -6.582 -6.568 -6.552 -6.541 -6.544 -6.621 -6.56 -6.549 -6.557 -6.566 -6.571 -6.577 -6.574 -6.571 -6.568 -6.563 -6.566 -6.566 -6.566 -6.566 -6.568 -6.571 -6.579 -6.579 -6.582 -6.579 -6.577 -6.577 -6.585 -6.593 -6.599 -6.599 -6.596 -6.588 -6.585 -6.585 -6.582 -6.59 -6.601 -6.607 -6.615 -6.623 -6.637 -6.64 -6.64 -6.629 -6.607 -6.582 -6.571 -6.568 -6.577 -6.599 -6.626 -6.659 -6.695 -6.719 -6.73 -6.73 -6.714 -6.689 -6.651 -6.61 -6.585 -6.574 -6.577 -6.601 -6.629 -6.659 -6.681 -6.695 -6.7 -6.7 -6.678 -6.648 -6.618 -6.585 -6.568 -6.56 -6.56 -6.571 -6.577 -6.59 -6.607 -6.615 -6.615 -6.607 -6.593 -6.574 -6.56 -6.546 -6.541 -6.546 -6.555 -6.568 -6.577 -6.582 -6.585 -6.585 -6.579 -6.56 -6.546 -6.538 -6.535 -6.535 -6.538 -6.555 -6.56 -6.571 -6.579 -6.582 -6.585 -6.585 -6.585 -6.599 -6.601 -6.604 -6.604 -6.596 -6.582 -6.574 -6.568 -6.563 -6.56 -6.557 -6.56 -6.566 -6.571 -6.579 -6.593 -6.601 -6.604 -6.596 -6.593 -6.593 -6.588 -6.582 -6.579 -6.571 -6.568 -6.571 -6.585 -6.604 -6.623 -6.637 -6.645 -6.645 -6.645 -6.632 -6.618 -6.593 -6.579 -6.56 -6.538 -6.53 -6.533 -6.535 -6.549 -6.557 -6.56 -6.552 -6.546 -6.541 -6.53 -6.527 -6.524 -6.522 -6.527 -6.538 -6.555 -6.568 -6.582 -6.59 -6.593 -6.588 -6.582 -6.571 -6.563 -6.549 -6.535 -6.53 -6.527 -6.535 -6.538 -6.549 -6.557 -6.568 -6.568 -6.568 -6.563 -6.552 -6.546 -6.538 -6.516 -6.508 -6.505 -6.505 -6.513 -6.516 -6.524 -6.524 -6.527 -6.535 -6.535 -6.544 -6.549 -6.549 -6.557 -6.557 -6.557 -6.557 -6.546 -6.53 -6.524 -6.519 -6.516 -6.527 -6.535 -6.549 -6.56 -6.577 -6.582 -6.585 -6.585 -6.585 -6.579 -6.568 -6.56 -6.552 -6.541 -6.538 -6.535 -6.549 -6.566 -6.571 -6.577 -6.574 -6.56 -6.552 -6.546 -6.535 -6.533 -6.533 -6.544 -6.557 -6.577 -6.593 -6.612 -6.618 -6.61 -6.607 -6.596 -6.582 -6.563 -6.546 -6.535 -6.527 -6.527 -6.538 -6.557 -6.577 -6.585 -6.593 -6.593 -6.593 -6.585 -6.571 -6.549 -6.524 -6.519 -6.516 -6.522 -6.527 -6.538 -6.555 -6.566 -6.568 -6.568 -6.563 -6.557 -6.546 -6.538 -6.527 -6.519 -6.533 -6.533 -6.533 ]
 )
)
