Band1
18000
17.7912
18880
18.02
19760
18.3456
20640
18.4584
21520
18.7936
22400
19.0324
Band2
21900
17.5806
22660
17.838
23420
18.0422
24180
18.3234
24940
18.4422
25700
18.6466
Band3
25200
17.1012
26060
17.4558
26920
17.7808
27780
18.0044
28640
18.316
29500
18.4494
Band4
29000
16.8412
29940
17.2104
30880
17.5884
31820
17.89
32760
18.1828
33700
18.4242
Band5
33200
16.746
34160
17.1012
35120
17.4948
36080
17.8328
37040
18.1088
38000
18.408
Band6
37500
18.279
38000
18.408
38500
18.453
39000
18.578
39500
18.823
40000
18.994
