Band1
18000
17.7912
19000
18.0644
20000
18.4008
21000
18.5388
22000
18.9844
23000
19.1356
Band2
21000
17.2188
22000
17.6196
23000
17.9264
24000
18.2568
25000
18.4476
26000
18.7936
Band3
25000
17.0172
26000
17.4324
27000
17.8016
28000
18.0792
29000
18.4044
30000
18.5584
Band4
29000
16.8412
30000
17.2356
31000
17.6352
32000
17.9368
33000
18.2716
34000
18.4512
Band5
33000
16.678
34000
17.034
35000
17.448
36000
17.812
37000
18.094
38000
18.408
Band6
37000
18.094
38000
18.408
39000
18.578
40000
18.994
