(schema
 (numFields 1)
 (fieldName "A"
  (type Real64)
  (numDims 2)
  (size 29 2)
 )
)

(record
 ( "A"
   [
     [ .010 12.97 ]
     [ .100 12.94 ]
     [ 1 12.96 ] 
     [ 2 13 ]
     [ 3 13.01 ]
     [ 4 13.14 ]
     [ 5 13.23 ]
     [ 6 13.39 ]
     [ 7 13.61 ]
     [ 8 13.87 ]
     [ 9 14.2 ]
     [ 10 14.44 ]
     [ 11 14.63 ]
     [ 12 14.75 ]
     1 3 14.87 ]
     [ 14 14.96 ]
     [ 15 15.04 ]
     [ 16 15.13 ]
     [ 17 15.24 ]
     [ 18 15.42 ]
     [ 19 15.26 ]
     [ 20 15.46 ]
     [ 21 15.59 ]
     [ 22 15.84 ]
     [ 23 16.01 ]
     [ 24 15.95 ]
     [ 25 15.83 ]
     [ 26 15.26 ]
     [ 26.5 15.03 ]
   ]
 )
)
