10:22 AM
0.0013
0.5636
0.1933
0.8087
0.5850
0.4799
0.3503
0.8959
0.8228
0.7466
0.1741
0.8589
0.7105
0.5135
0.3040
0.0150
0.0914
0.3644
0.1473
0.1659
0.9885
0.4457
0.1191
0.0047
0.0089
0.3779
0.5316
0.5712
0.6017
0.6071
0.1662
0.6630
0.4508
0.3521
0.0570
0.6077
0.7833
0.8026
0.5199
0.3019
0.8759
0.7267
0.9559
0.9257
0.5393
0.1423
0.4621
0.2353
0.8622
0.2096
0.7796
0.8436
0.9968
0.9997
0.6115
0.3924
0.2662
0.2973
0.8401
0.0237
0.3759
0.0926
0.6772
0.0562
0.0088
0.9188
0.2759
0.2729
0.5879
0.6912
0.8376
0.7265
0.4849
0.2054
0.7437
0.4684
0.4579
0.9491
0.7444
0.1083
0.5990
0.3852
0.7350
0.6089
0.5724
0.3613
0.1516
0.2251
0.4251
0.8029
0.5171
0.9900
0.7515
0.3456
0.1690
0.6573
0.4919
0.0635
0.6997
0.5048
Mean: 0.4948
Std Dev: 0.2881
