(schema
 (numFields 7)
 (fieldName "DetectorModel"
  (type Text)
 )
 (fieldName "DetectorSN"
  (type Text)
 )
 (fieldName "Tech"
  (type Text)
 )
 (fieldName "Bench"
  (type Text)
 )
 (fieldName "Date"
  (type Text)
 )
 (fieldName "Scalar"
  (type Record)
  (schema
   (numFields 3)
   (fieldName "Freq"
	(type Real64)
	(numDims 1)
	(size 801)
   )
   (fieldName "dBm"
	(type Real64)
	(numDims 1)
	(size 801)
   )
   (fieldName "error"
	(type Real64)
	(numDims 1)
	(size 801)
   )
  )
 )
 (fieldName "Meter"
  (type Record)
  (schema
   (numFields 2)
   (fieldName "Freq"
	(type Real64)
	(numDims 1)
	(size 801)
   )
   (fieldName "dBm"
	(type Real64)
	(numDims 1)
	(size 801)
   )
  )
 )
)

(record
 ( "DetectorModel" "85025D")
 ( "DetectorSN" "US38013041")
 ( "Tech" "steve applen")
 ( "Bench" "U4")
 ( "Date" "2024_12_06_133057")
 ( "Scalar"
  (record
   ( "Freq"
	 [ 1000 1048.75 1097.5 1146.25 1195 1243.75 1292.5 1341.25 1390 1438.75 1487.5 1536.25 1585 1633.75 1682.5 1731.25 1780 1828.75 1877.5 1926.25 1975 2023.75 2072.5 2121.25 2170 2218.75 2267.5 2316.25 2365 2413.75 2462.5 2511.25 2560 2608.75 2657.5 2706.25 2755 2803.75 2852.5 2901.25 2950 2998.75 3047.5 3096.25 3145 3193.75 3242.5 3291.25 3340 3388.75 3437.5 3486.25 3535 3583.75 3632.5 3681.25 3730 3778.75 3827.5 3876.25 3925 3973.75 4022.5 4071.25 4120 4168.75 4217.5 4266.25 4315 4363.75 4412.5 4461.25 4510 4558.75 4607.5 4656.25 4705 4753.75 4802.5 4851.25 4900 4948.75 4997.5 5046.25 5095 5143.75 5192.5 5241.25 5290 5338.75 5387.5 5436.25 5485 5533.75 5582.5 5631.25 5680 5728.75 5777.5 5826.25 5875 5923.75 5972.5 6021.25 6070 6118.75 6167.5 6216.25 6265 6313.75 6362.5 6411.25 6460 6508.75 6557.5 6606.25 6655 6703.75 6752.5 6801.25 6850 6898.75 6947.5 6996.25 7045 7093.75 7142.5 7191.25 7240 7288.75 7337.5 7386.25 7435 7483.75 7532.5 7581.25 7630 7678.75 7727.5 7776.25 7825 7873.75 7922.5 7971.25 8020 8068.75 8117.5 8166.25 8215 8263.75 8312.5 8361.25 8410 8458.75 8507.5 8556.25 8605 8653.75 8702.5 8751.25 8800 8848.75 8897.5 8946.25 8995 9043.75 9092.5 9141.25 9190 9238.75 9287.5 9336.25 9385 9433.75 9482.5 9531.25 9580 9628.75 9677.5 9726.25 9775 9823.75 9872.5 9921.25 9970 10018.75 10067.5 10116.25 10165 10213.75 10262.5 10311.25 10360 10408.75 10457.5 10506.25 10555 10603.75 10652.5 10701.25 10750 10798.75 10847.5 10896.25 10945 10993.75 11042.5 11091.25 11140 11188.75 11237.5 11286.25 11335 11383.75 11432.5 11481.25 11530 11578.75 11627.5 11676.25 11725 11773.75 11822.5 11871.25 11920 11968.75 12017.5 12066.25 12115 12163.75 12212.5 12261.25 12310 12358.75 12407.5 12456.25 12505 12553.75 12602.5 12651.25 12700 12748.75 12797.5 12846.25 12895 12943.75 12992.5 13041.25 13090 13138.75 13187.5 13236.25 13285 13333.75 13382.5 13431.25 13480 13528.75 13577.5 13626.25 13675 13723.75 13772.5 13821.25 13870 13918.75 13967.5 14016.25 14065 14113.75 14162.5 14211.25 14260 14308.75 14357.5 14406.25 14455 14503.75 14552.5 14601.25 14650 14698.75 14747.5 14796.25 14845 14893.75 14942.5 14991.25 15040 15088.75 15137.5 15186.25 15235 15283.75 15332.5 15381.25 15430 15478.75 15527.5 15576.25 15625 15673.75 15722.5 15771.25 15820 15868.75 15917.5 15966.25 16015 16063.75 16112.5 16161.25 16210 16258.75 16307.5 16356.25 16405 16453.75 16502.5 16551.25 16600 16648.75 16697.5 16746.25 16795 16843.75 16892.5 16941.25 16990 17038.75 17087.5 17136.25 17185 17233.75 17282.5 17331.25 17380 17428.75 17477.5 17526.25 17575 17623.75 17672.5 17721.25 17770 17818.75 17867.5 17916.25 17965 18013.75 18062.5 18111.25 18160 18208.75 18257.5 18306.25 18355 18403.75 18452.5 18501.25 18550 18598.75 18647.5 18696.25 18745 18793.75 18842.5 18891.25 18940 18988.75 19037.5 19086.25 19135 19183.75 19232.5 19281.25 19330 19378.75 19427.5 19476.25 19525 19573.75 19622.5 19671.25 19720 19768.75 19817.5 19866.25 19915 19963.75 20012.5 20061.25 20110 20158.75 20207.5 20256.25 20305 20353.75 20402.5 20451.25 20500 20548.75 20597.5 20646.25 20695 20743.75 20792.5 20841.25 20890 20938.75 20987.5 21036.25 21085 21133.75 21182.5 21231.25 21280 21328.75 21377.5 21426.25 21475 21523.75 21572.5 21621.25 21670 21718.75 21767.5 21816.25 21865 21913.75 21962.5 22011.25 22060 22108.75 22157.5 22206.25 22255 22303.75 22352.5 22401.25 22450 22498.75 22547.5 22596.25 22645 22693.75 22742.5 22791.25 22840 22888.75 22937.5 22986.25 23035 23083.75 23132.5 23181.25 23230 23278.75 23327.5 23376.25 23425 23473.75 23522.5 23571.25 23620 23668.75 23717.5 23766.25 23815 23863.75 23912.5 23961.25 24010 24058.75 24107.5 24156.25 24205 24253.75 24302.5 24351.25 24400 24448.75 24497.5 24546.25 24595 24643.75 24692.5 24741.25 24790 24838.75 24887.5 24936.25 24985 25033.75 25082.5 25131.25 25180 25228.75 25277.5 25326.25 25375 25423.75 25472.5 25521.25 25570 25618.75 25667.5 25716.25 25765 25813.75 25862.5 25911.25 25960 26008.75 26057.5 26106.25 26155 26203.75 26252.5 26301.25 26350 26398.75 26447.5 26496.25 26545 26593.75 26642.5 26691.25 26740 26788.75 26837.5 26886.25 26935 26983.75 27032.5 27081.25 27130 27178.75 27227.5 27276.25 27325 27373.75 27422.5 27471.25 27520 27568.75 27617.5 27666.25 27715 27763.75 27812.5 27861.25 27910 27958.75 28007.5 28056.25 28105 28153.75 28202.5 28251.25 28300 28348.75 28397.5 28446.25 28495 28543.75 28592.5 28641.25 28690 28738.75 28787.5 28836.25 28885 28933.75 28982.5 29031.25 29080 29128.75 29177.5 29226.25 29275 29323.75 29372.5 29421.25 29470 29518.75 29567.5 29616.25 29665 29713.75 29762.5 29811.25 29860 29908.75 29957.5 30006.25 30055 30103.75 30152.5 30201.25 30250 30298.75 30347.5 30396.25 30445 30493.75 30542.5 30591.25 30640 30688.75 30737.5 30786.25 30835 30883.75 30932.5 30981.25 31030 31078.75 31127.5 31176.25 31225 31273.75 31322.5 31371.25 31420 31468.75 31517.5 31566.25 31615 31663.75 31712.5 31761.25 31810 31858.75 31907.5 31956.25 32005 32053.75 32102.5 32151.25 32200 32248.75 32297.5 32346.25 32395 32443.75 32492.5 32541.25 32590 32638.75 32687.5 32736.25 32785 32833.75 32882.5 32931.25 32980 33028.75 33077.5 33126.25 33175 33223.75 33272.5 33321.25 33370 33418.75 33467.5 33516.25 33565 33613.75 33662.5 33711.25 33760 33808.75 33857.5 33906.25 33955 34003.75 34052.5 34101.25 34150 34198.75 34247.5 34296.25 34345 34393.75 34442.5 34491.25 34540 34588.75 34637.5 34686.25 34735 34783.75 34832.5 34881.25 34930 34978.75 35027.5 35076.25 35125 35173.75 35222.5 35271.25 35320 35368.75 35417.5 35466.25 35515 35563.75 35612.5 35661.25 35710 35758.75 35807.5 35856.25 35905 35953.75 36002.5 36051.25 36100 36148.75 36197.5 36246.25 36295 36343.75 36392.5 36441.25 36490 36538.75 36587.5 36636.25 36685 36733.75 36782.5 36831.25 36880 36928.75 36977.5 37026.25 37075 37123.75 37172.5 37221.25 37270 37318.75 37367.5 37416.25 37465 37513.75 37562.5 37611.25 37660 37708.75 37757.5 37806.25 37855 37903.75 37952.5 38001.25 38050 38098.75 38147.5 38196.25 38245 38293.75 38342.5 38391.25 38440 38488.75 38537.5 38586.25 38635 38683.75 38732.5 38781.25 38830 38878.75 38927.5 38976.25 39025 39073.75 39122.5 39171.25 39220 39268.75 39317.5 39366.25 39415 39463.75 39512.5 39561.25 39610 39658.75 39707.5 39756.25 39805 39853.75 39902.5 39951.25 40000 ]
   )
   ( "dBm"
	 [ -8.914 -8.944000000000001 -8.961 -8.911 -8.917 -8.936 -8.965999999999999 -8.988 -8.922000000000001 -8.977 -9.023999999999999 -9.093 -9.013 -9.021000000000001 -9.112 -9.103999999999999 -8.965999999999999 -8.936 -9.032 -9.054 -8.988 -8.961 -9.4 -9.326000000000001 -9.307 -9.334 -9.362 -9.369999999999999 -9.369999999999999 -9.369999999999999 -9.365 -9.372999999999999 -9.378 -9.385999999999999 -9.378 -9.388999999999999 -9.411 -9.422000000000001 -9.436 -9.446999999999999 -9.452 -9.455 -9.441000000000001 -9.446999999999999 -9.449999999999999 -9.458 -9.458 -9.526999999999999 -9.455 -9.455 -9.468999999999999 -9.48 -9.477 -9.484999999999999 -9.484999999999999 -9.484999999999999 -9.494 -9.48 -9.477 -9.491 -9.488 -9.494 -9.496 -9.513 -9.513 -9.507 -9.518000000000001 -9.523999999999999 -9.518000000000001 -9.518000000000001 -9.526999999999999 -9.532 -9.539999999999999 -9.538 -9.551 -9.565 -9.568 -9.571 -9.560000000000001 -9.560000000000001 -9.560000000000001 -9.551 -9.557 -9.557 -9.568 -9.568 -9.568 -9.568 -9.678000000000001 -9.609 -9.595000000000001 -9.59 -9.601000000000001 -9.603 -9.612 -9.606 -9.592000000000001 -9.59 -9.576000000000001 -9.601000000000001 -9.622999999999999 -9.617000000000001 -9.619999999999999 -9.612 -9.628 -9.625 -9.634 -9.638999999999999 -9.642 -9.645 -9.638999999999999 -9.628 -9.625 -9.634 -9.642 -9.638999999999999 -9.619999999999999 -9.628 -9.628 -9.634 -9.675000000000001 -9.667 -9.683 -9.672000000000001 -9.724 -9.65 -9.68 -9.694000000000001 -9.68 -9.675000000000001 -9.694000000000001 -9.683 -9.705 -9.712999999999999 -9.694000000000001 -9.705 -9.68 -9.691000000000001 -9.683 -9.715999999999999 -9.711 -9.711 -9.696999999999999 -9.705 -9.708 -9.718999999999999 -9.722 -9.718999999999999 -9.727 -9.705 -9.691000000000001 -9.691000000000001 -9.699999999999999 -9.718999999999999 -9.722 -9.715999999999999 -9.715999999999999 -9.738 -9.752000000000001 -9.757 -9.752000000000001 -9.738 -9.718999999999999 -9.73 -9.757 -9.755000000000001 -9.76 -9.815 -9.768000000000001 -9.755000000000001 -9.738 -9.744 -9.744 -9.744 -9.766 -9.776999999999999 -9.773999999999999 -9.789999999999999 -9.763 -9.788 -9.779 -9.795999999999999 -9.789999999999999 -9.789999999999999 -9.815 -9.795999999999999 -9.818 -9.818 -9.808999999999999 -9.807 -9.804 -9.788 -9.804 -9.773999999999999 -9.788 -9.789999999999999 -9.829000000000001 -9.848000000000001 -9.826000000000001 -9.82 -9.785 -9.782 -9.766 -9.771000000000001 -9.776999999999999 -9.776999999999999 -9.771000000000001 -9.788 -9.789999999999999 -9.789999999999999 -9.811999999999999 -9.798 -9.811999999999999 -9.782 -9.789999999999999 -9.804 -9.818 -9.815 -9.801 -9.782 -9.771000000000001 -9.776999999999999 -9.785 -9.789999999999999 -9.789999999999999 -9.795999999999999 -9.795999999999999 -9.789999999999999 -9.815 -9.823 -9.82 -9.807 -9.804 -9.789999999999999 -9.795999999999999 -9.823 -9.808999999999999 -9.808999999999999 -9.807 -9.808999999999999 -9.811999999999999 -9.834 -9.815 -9.815 -9.804 -9.818 -9.807 -9.831 -9.834 -9.837 -9.823 -9.834 -9.826000000000001 -9.84 -9.823 -9.815 -9.804 -9.895 -9.823 -9.834 -9.84 -9.801 -9.789999999999999 -9.788 -9.811999999999999 -9.82 -9.845000000000001 -9.818 -9.801 -9.808999999999999 -9.834 -9.862 -9.864000000000001 -9.914 -9.869999999999999 -9.908 -9.881 -9.961 -9.903000000000001 -9.928000000000001 -9.928000000000001 -9.908 -9.922000000000001 -9.928000000000001 -9.98 -9.928000000000001 -9.949999999999999 -9.903000000000001 -9.955 -9.928000000000001 -9.984999999999999 -9.939 -9.936 -9.908 -9.884 -9.908 -9.994 -9.961 -9.897 -9.885999999999999 -9.851000000000001 -9.869999999999999 -9.869999999999999 -9.895 -9.914 -9.897 -9.914 -9.903000000000001 -9.933 -9.908 -9.941000000000001 -9.911 -9.908 -9.903000000000001 -9.908 -9.922000000000001 -9.878 -9.892 -9.864000000000001 -9.872999999999999 -9.875 -9.885999999999999 -9.933 -9.928000000000001 -9.955 -9.933 -9.928000000000001 -9.928000000000001 -9.941000000000001 -9.906000000000001 -9.939 -9.914 -9.933 -9.922000000000001 -10.002 -10.043 -9.965999999999999 -10.01 -9.965999999999999 -10.01 -9.983000000000001 -10.035 -10.01 -10.021 -10.021 -9.983000000000001 -9.965999999999999 -9.999000000000001 -10.007 -9.965999999999999 -9.961 -9.946999999999999 -9.958 -9.946999999999999 -9.962999999999999 -9.988 -9.965999999999999 -9.988 -9.955 -9.98 -9.98 -10.015 -10.01 -10.002 -9.996 -9.999000000000001 -10.015 -10.005 -10.01 -9.999000000000001 -10.029 -10.015 -10.01 -10.015 -10.029 -10.035 -10.04 -10.051 -10.048 -10.051 -10.051 -10.048 -10.059 -10.046 -10.051 -10.021 -10.032 -10.026 -10.037 -10.04 -10.037 -10.145 -10.087 -10.081 -10.103 -10.079 -10.081 -10.057 -10.065 -10.079 -10.081 -10.057 -10.043 -10.043 -10.054 -10.054 -10.062 -10.073 -10.084 -10.07 -10.073 -10.076 -10.081 -10.076 -10.07 -10.073 -10.068 -10.081 -10.073 -10.073 -10.057 -10.048 -10.051 -10.051 -10.057 -10.059 -10.087 -10.106 -10.169 -10.156 -10.169 -10.172 -10.142 -10.15 -10.15 -10.169 -10.156 -10.18 -10.178 -10.169 -10.183 -10.191 -10.175 -10.183 -10.172 -10.191 -10.189 -10.197 -10.205 -10.161 -10.178 -10.161 -10.158 -10.161 -10.158 -10.175 -10.183 -10.2 -10.23 -10.243 -10.268 -10.279 -10.274 -10.29 -10.287 -10.304 -10.276 -10.309 -10.298 -10.293 -10.29 -10.287 -10.274 -10.271 -10.26 -10.235 -10.221 -10.224 -10.213 -10.197 -10.178 -10.161 -10.156 -10.145 -10.145 -10.15 -10.134 -10.136 -10.131 -10.117 -10.114 -10.142 -10.147 -10.117 -10.114 -10.123 -10.134 -10.131 -10.145 -10.131 -10.123 -10.123 -10.12 -10.117 -10.12 -10.117 -10.106 -10.125 -10.131 -10.156 -10.161 -10.153 -10.169 -10.142 -10.142 -10.136 -10.128 -10.123 -10.139 -10.178 -10.186 -10.205 -10.197 -10.183 -10.243 -10.186 -10.2 -10.178 -10.172 -10.175 -10.205 -10.2 -10.227 -10.221 -10.227 -10.232 -10.243 -10.243 -10.254 -10.227 -10.221 -10.194 -10.232 -10.221 -10.202 -10.169 -10.156 -10.158 -10.183 -10.205 -10.219 -10.227 -10.221 -10.227 -10.238 -10.254 -10.279 -10.279 -10.274 -10.268 -10.301 -10.345 -10.329 -10.334 -10.323 -10.342 -10.342 -10.362 -10.329 -10.32 -10.293 -10.279 -10.274 -10.287 -10.293 -10.279 -10.282 -10.274 -10.287 -10.296 -10.287 -10.274 -10.263 -10.246 -10.235 -10.219 -10.191 -10.169 -10.175 -10.205 -10.23 -10.243 -10.249 -10.257 -10.298 -10.323 -10.359 -10.351 -10.345 -10.318 -10.296 -10.274 -10.257 -10.227 -10.205 -10.211 -10.221 -10.243 -10.301 -10.315 -10.373 -10.389 -10.491 -10.474 -10.438 -10.384 -10.342 -10.293 -10.268 -10.249 -10.276 -10.274 -10.329 -10.373 -10.406 -10.471 -10.452 -10.524 -10.488 -10.499 -10.488 -10.447 -10.466 -10.54 -10.796 -10.675 -10.535 -10.491 -10.546 -10.548 -10.562 -10.568 -10.631 -10.628 -10.644 -10.628 -10.612 -10.592 -10.592 -10.559 -10.551 -10.513 -10.524 -10.543 -10.587 -10.603 -10.644 -10.658 -10.691 -10.697 -10.735 -10.73 -10.705 -10.713 -10.642 -10.683 -10.644 -10.639 -10.592 -10.598 -10.584 -10.606 -10.612 -10.598 -10.592 -10.598 -10.584 -10.559 -10.546 -10.502 -10.482 -10.463 -10.469 -10.463 -10.46 -10.458 -10.436 -10.469 -10.488 -10.502 -10.504 -10.477 -10.474 -10.466 -10.482 -10.471 -10.477 -10.482 -10.515 -10.518 -10.546 -10.573 -10.543 -10.573 -10.535 -10.543 -10.532 -10.57 -10.587 -10.603 -10.65 -10.664 -10.702 -10.735 -10.807 -10.763 -10.752 -10.719 -10.754 -10.713 -10.694 -10.644 -10.628 -10.601 -10.614 -10.609 -10.617 -10.644 -10.644 -10.683 -10.68 -10.71 -10.702 -10.688 -10.666 -10.631 -10.609 -10.606 -10.603 -10.609 -10.65 -10.68 -10.721 -10.801 -10.839 -10.927 -10.952 -10.938 -10.922 -10.922 -10.941 -10.859 -10.881 -10.837 -10.818 -10.856 -10.864 -10.96 -10.991 -10.993 -11.147 -11.076 -11.164 -11.106 -11.166 -11.114 -11.065 -11.032 -10.936 -10.96 -10.947 -11.1 -11.452 -11.754 -11.43 -11.155 -11.043 -11.002 -10.985 -10.996 -10.952 -10.908 -10.826 -10.779 -10.708 -10.65 -10.595 -10.554 -10.529 -10.521 -10.526 -10.559 -10.612 -10.669 -10.694 -10.73 -10.735 -10.749 -10.746 -10.724 -10.716 ]
   )
   ( "error"
	 [ 14.161 14.162 14.161 14.191 14.225 14.152 14.14 14.149 14.251 14.152 14.084 14.125 14.174 14.187 14.081 14.145 14.213 14.239 14.129 14.065 14.177 14.542 14.101 14.15 14.186 14.174 14.161 14.186 14.204 14.223 14.2 14.211 14.201 14.192 14.219 14.224 14.198 14.204 14.204 14.213 14.202 14.195 14.229 14.196 14.22 14.228 14.255 14.16 14.238 14.248 14.217 14.229 14.243 14.213 14.235 14.246 14.259 14.262 14.265 14.278 14.266 14.258 14.273 14.262 14.26 14.254 14.262 14.247 14.274 14.273 14.287 14.282 14.299 14.293 14.286 14.279 14.298 14.273 14.299 14.299 14.32 14.312 14.308 14.312 14.311 14.31 14.328 14.335 14.231 14.328 14.345 14.33 14.326 14.346 14.352 14.34 14.362 14.38 14.371 14.354 14.37 14.357 14.372 14.361 14.379 14.361 14.387 14.387 14.383 14.392 14.397 14.416 14.388 14.398 14.394 14.399 14.406 14.418 14.425 14.408 14.43 14.406 14.407 14.435 14.37 14.438 14.426 14.44 14.434 14.439 14.435 14.474 14.424 14.45 14.444 14.463 14.449 14.442 14.465 14.422 14.468 14.441 14.445 14.448 14.475 14.457 14.465 14.463 14.478 14.485 14.509 14.514 14.5 14.481 14.479 14.498 14.485 14.488 14.482 14.465 14.489 14.516 14.55 14.516 14.523 14.522 14.513 14.469 14.492 14.546 14.523 14.537 14.564 14.552 14.524 14.545 14.531 14.562 14.548 14.561 14.565 14.522 14.57 14.515 14.552 14.538 14.554 14.543 14.546 14.552 14.552 14.563 14.576 14.626 14.56 14.606 14.563 14.634 14.603 14.624 14.635 14.618 14.655 14.646 14.648 14.644 14.656 14.637 14.667 14.654 14.685 14.657 14.667 14.691 14.661 14.668 14.668 14.7 14.678 14.691 14.714 14.696 14.7 14.713 14.72 14.703 14.737 14.719 14.719 14.732 14.738 14.725 14.723 14.753 14.739 14.735 14.743 14.755 14.747 14.743 14.756 14.785 14.771 14.779 14.779 14.758 14.773 14.777 14.775 14.763 14.788 14.781 14.783 14.783 14.831 14.806 14.822 14.734 14.833 14.805 14.87 14.885 14.848 14.854 14.861 14.854 14.848 14.933 14.88 14.878 14.855 14.919 14.839 14.878 14.86 14.844 14.855 14.816 14.925 14.793 14.9 14.839 14.88 14.823 14.869 14.893 14.873 14.918 14.898 14.931 14.87 15.014 14.921 15.027 14.945 15.031 14.869 14.965 15.025 14.987 15.031 14.987 15.051 14.98 15.028 15.009 15 15.01 15.008 15.04 14.992 15.045 15.012 15.036 15.001 15.056 15.083 15.031 15.102 15.044 15.086 15.021 15.08 15.051 15.073 15.064 15.105 15.091 15.107 15.112 15.077 15.132 15.065 15.142 15.009 15.167 15.064 15.071 15.091 15.068 15.106 15.035 15.138 15.086 15.153 15.136 15.154 15.132 15.181 15.165 15.172 15.159 15.175 15.206 15.179 15.212 15.2 15.224 15.221 15.213 15.234 15.207 15.224 15.208 15.237 15.196 15.222 15.216 15.218 15.214 15.205 15.225 15.231 15.238 15.252 15.26 15.258 15.266 15.243 15.255 15.257 15.283 15.275 15.3 15.301 15.308 15.294 15.329 15.322 15.328 15.337 15.242 15.317 15.314 15.336 15.349 15.33 15.369 15.331 15.361 15.368 15.396 15.378 15.37 15.379 15.393 15.378 15.384 15.387 15.425 15.398 15.444 15.422 15.447 15.445 15.441 15.459 15.443 15.496 15.456 15.5 15.496 15.494 15.48 15.474 15.48 15.471 15.448 15.431 15.471 15.426 15.457 15.462 15.448 15.452 15.461 15.47 15.432 15.459 15.473 15.448 15.478 15.509 15.481 15.529 15.501 15.571 15.507 15.577 15.603 15.551 15.605 15.572 15.584 15.569 15.56 15.565 15.526 15.513 15.524 15.491 15.499 15.49 15.502 15.476 15.475 15.501 15.447 15.484 15.453 15.476 15.451 15.477 15.484 15.504 15.525 15.551 15.537 15.558 15.567 15.59 15.602 15.593 15.62 15.584 15.61 15.614 15.605 15.606 15.616 15.641 15.595 15.649 15.679 15.674 15.655 15.653 15.668 15.631 15.66 15.65 15.64 15.662 15.68 15.705 15.727 15.722 15.722 15.709 15.692 15.718 15.717 15.691 15.709 15.706 15.702 15.716 15.739 15.711 15.696 15.712 15.696 15.723 15.724 15.7 15.729 15.732 15.765 15.745 15.732 15.727 15.763 15.718 15.767 15.749 15.77 15.755 15.779 15.78 15.816 15.814 15.874 15.793 15.875 15.851 15.874 15.816 15.841 15.82 15.818 15.816 15.806 15.836 15.788 15.794 15.803 15.781 15.8 15.804 15.815 15.776 15.839 15.854 15.831 15.849 15.812 15.855 15.835 15.936 15.864 15.919 15.892 15.927 15.875 15.939 15.927 15.93 15.918 15.925 15.929 15.922 15.931 15.945 15.944 15.954 15.957 15.968 15.938 15.936 15.922 15.923 15.912 15.951 15.922 15.917 15.944 15.943 15.965 15.953 16.001 15.978 15.998 16.019 16.034 16.014 16.003 16.019 15.995 16 16.051 15.993 16.032 15.978 16.133 16.06 16.09 16.07 16.113 16.102 16.115 16.074 16.111 16.014 16.116 16.03 16.076 16.119 16.027 16.151 16.031 16.161 16.067 16.118 16.039 16.039 16.264 16.09 16.037 16.011 16.099 16.04 16.046 16.007 16.046 16.033 16.06 16.053 16.06 16.041 16.061 16.045 16.075 16.01 16.031 16.022 16.046 16.021 16.083 16.048 16.098 16.022 16.135 16.056 16.129 16.127 16.058 16.106 16.019 16.179 16.019 16.129 16.051 16.118 16.106 16.136 16.121 16.152 16.158 16.183 16.183 16.182 16.197 16.162 16.179 16.159 16.199 16.177 16.158 16.199 16.169 16.216 16.22 16.212 16.226 16.243 16.258 16.237 16.244 16.233 16.286 16.229 16.298 16.26 16.223 16.258 16.208 16.226 16.172 16.249 16.192 16.204 16.174 16.217 16.171 16.21 16.241 16.246 16.262 16.256 16.313 16.257 16.319 16.282 16.332 16.264 16.333 16.291 16.33 16.29 16.321 16.315 16.312 16.357 16.344 16.381 16.368 16.373 16.364 16.365 16.354 16.343 16.334 16.298 16.334 16.275 16.279 16.324 16.31 16.306 16.285 16.362 16.314 16.291 16.391 16.321 16.363 16.347 16.309 16.347 16.264 16.258 16.315 16.254 16.431 16.25 16.451 16.331 16.423 16.386 16.314 16.401 16.217 16.122 16.356 16.762 16.502 16.4 16.419 16.437 16.426 16.499 16.489 16.548 16.528 16.585 16.551 16.594 16.59 16.595 16.594 16.595 16.602 16.564 16.585 16.613 16.574 16.617 16.592 16.632 16.605 16.598 ]
   )
  )
)
 ( "Meter"
  (record
   ( "Freq"
	 [ 1000 1048.75 1097.5 1146.25 1195 1243.75 1292.5 1341.25 1390 1438.75 1487.5 1536.25 1585 1633.75 1682.5 1731.25 1780 1828.75 1877.5 1926.25 1975 2023.75 2072.5 2121.25 2170 2218.75 2267.5 2316.25 2365 2413.75 2462.5 2511.25 2560 2608.75 2657.5 2706.25 2755 2803.75 2852.5 2901.25 2950 2998.75 3047.5 3096.25 3145 3193.75 3242.5 3291.25 3340 3388.75 3437.5 3486.25 3535 3583.75 3632.5 3681.25 3730 3778.75 3827.5 3876.25 3925 3973.75 4022.5 4071.25 4120 4168.75 4217.5 4266.25 4315 4363.75 4412.5 4461.25 4510 4558.75 4607.5 4656.25 4705 4753.75 4802.5 4851.25 4900 4948.75 4997.5 5046.25 5095 5143.75 5192.5 5241.25 5290 5338.75 5387.5 5436.25 5485 5533.75 5582.5 5631.25 5680 5728.75 5777.5 5826.25 5875 5923.75 5972.5 6021.25 6070 6118.75 6167.5 6216.25 6265 6313.75 6362.5 6411.25 6460 6508.75 6557.5 6606.25 6655 6703.75 6752.5 6801.25 6850 6898.75 6947.5 6996.25 7045 7093.75 7142.5 7191.25 7240 7288.75 7337.5 7386.25 7435 7483.75 7532.5 7581.25 7630 7678.75 7727.5 7776.25 7825 7873.75 7922.5 7971.25 8020 8068.75 8117.5 8166.25 8215 8263.75 8312.5 8361.25 8410 8458.75 8507.5 8556.25 8605 8653.75 8702.5 8751.25 8800 8848.75 8897.5 8946.25 8995 9043.75 9092.5 9141.25 9190 9238.75 9287.5 9336.25 9385 9433.75 9482.5 9531.25 9580 9628.75 9677.5 9726.25 9775 9823.75 9872.5 9921.25 9970 10018.75 10067.5 10116.25 10165 10213.75 10262.5 10311.25 10360 10408.75 10457.5 10506.25 10555 10603.75 10652.5 10701.25 10750 10798.75 10847.5 10896.25 10945 10993.75 11042.5 11091.25 11140 11188.75 11237.5 11286.25 11335 11383.75 11432.5 11481.25 11530 11578.75 11627.5 11676.25 11725 11773.75 11822.5 11871.25 11920 11968.75 12017.5 12066.25 12115 12163.75 12212.5 12261.25 12310 12358.75 12407.5 12456.25 12505 12553.75 12602.5 12651.25 12700 12748.75 12797.5 12846.25 12895 12943.75 12992.5 13041.25 13090 13138.75 13187.5 13236.25 13285 13333.75 13382.5 13431.25 13480 13528.75 13577.5 13626.25 13675 13723.75 13772.5 13821.25 13870 13918.75 13967.5 14016.25 14065 14113.75 14162.5 14211.25 14260 14308.75 14357.5 14406.25 14455 14503.75 14552.5 14601.25 14650 14698.75 14747.5 14796.25 14845 14893.75 14942.5 14991.25 15040 15088.75 15137.5 15186.25 15235 15283.75 15332.5 15381.25 15430 15478.75 15527.5 15576.25 15625 15673.75 15722.5 15771.25 15820 15868.75 15917.5 15966.25 16015 16063.75 16112.5 16161.25 16210 16258.75 16307.5 16356.25 16405 16453.75 16502.5 16551.25 16600 16648.75 16697.5 16746.25 16795 16843.75 16892.5 16941.25 16990 17038.75 17087.5 17136.25 17185 17233.75 17282.5 17331.25 17380 17428.75 17477.5 17526.25 17575 17623.75 17672.5 17721.25 17770 17818.75 17867.5 17916.25 17965 18013.75 18062.5 18111.25 18160 18208.75 18257.5 18306.25 18355 18403.75 18452.5 18501.25 18550 18598.75 18647.5 18696.25 18745 18793.75 18842.5 18891.25 18940 18988.75 19037.5 19086.25 19135 19183.75 19232.5 19281.25 19330 19378.75 19427.5 19476.25 19525 19573.75 19622.5 19671.25 19720 19768.75 19817.5 19866.25 19915 19963.75 20012.5 20061.25 20110 20158.75 20207.5 20256.25 20305 20353.75 20402.5 20451.25 20500 20548.75 20597.5 20646.25 20695 20743.75 20792.5 20841.25 20890 20938.75 20987.5 21036.25 21085 21133.75 21182.5 21231.25 21280 21328.75 21377.5 21426.25 21475 21523.75 21572.5 21621.25 21670 21718.75 21767.5 21816.25 21865 21913.75 21962.5 22011.25 22060 22108.75 22157.5 22206.25 22255 22303.75 22352.5 22401.25 22450 22498.75 22547.5 22596.25 22645 22693.75 22742.5 22791.25 22840 22888.75 22937.5 22986.25 23035 23083.75 23132.5 23181.25 23230 23278.75 23327.5 23376.25 23425 23473.75 23522.5 23571.25 23620 23668.75 23717.5 23766.25 23815 23863.75 23912.5 23961.25 24010 24058.75 24107.5 24156.25 24205 24253.75 24302.5 24351.25 24400 24448.75 24497.5 24546.25 24595 24643.75 24692.5 24741.25 24790 24838.75 24887.5 24936.25 24985 25033.75 25082.5 25131.25 25180 25228.75 25277.5 25326.25 25375 25423.75 25472.5 25521.25 25570 25618.75 25667.5 25716.25 25765 25813.75 25862.5 25911.25 25960 26008.75 26057.5 26106.25 26155 26203.75 26252.5 26301.25 26350 26398.75 26447.5 26496.25 26545 26593.75 26642.5 26691.25 26740 26788.75 26837.5 26886.25 26935 26983.75 27032.5 27081.25 27130 27178.75 27227.5 27276.25 27325 27373.75 27422.5 27471.25 27520 27568.75 27617.5 27666.25 27715 27763.75 27812.5 27861.25 27910 27958.75 28007.5 28056.25 28105 28153.75 28202.5 28251.25 28300 28348.75 28397.5 28446.25 28495 28543.75 28592.5 28641.25 28690 28738.75 28787.5 28836.25 28885 28933.75 28982.5 29031.25 29080 29128.75 29177.5 29226.25 29275 29323.75 29372.5 29421.25 29470 29518.75 29567.5 29616.25 29665 29713.75 29762.5 29811.25 29860 29908.75 29957.5 30006.25 30055 30103.75 30152.5 30201.25 30250 30298.75 30347.5 30396.25 30445 30493.75 30542.5 30591.25 30640 30688.75 30737.5 30786.25 30835 30883.75 30932.5 30981.25 31030 31078.75 31127.5 31176.25 31225 31273.75 31322.5 31371.25 31420 31468.75 31517.5 31566.25 31615 31663.75 31712.5 31761.25 31810 31858.75 31907.5 31956.25 32005 32053.75 32102.5 32151.25 32200 32248.75 32297.5 32346.25 32395 32443.75 32492.5 32541.25 32590 32638.75 32687.5 32736.25 32785 32833.75 32882.5 32931.25 32980 33028.75 33077.5 33126.25 33175 33223.75 33272.5 33321.25 33370 33418.75 33467.5 33516.25 33565 33613.75 33662.5 33711.25 33760 33808.75 33857.5 33906.25 33955 34003.75 34052.5 34101.25 34150 34198.75 34247.5 34296.25 34345 34393.75 34442.5 34491.25 34540 34588.75 34637.5 34686.25 34735 34783.75 34832.5 34881.25 34930 34978.75 35027.5 35076.25 35125 35173.75 35222.5 35271.25 35320 35368.75 35417.5 35466.25 35515 35563.75 35612.5 35661.25 35710 35758.75 35807.5 35856.25 35905 35953.75 36002.5 36051.25 36100 36148.75 36197.5 36246.25 36295 36343.75 36392.5 36441.25 36490 36538.75 36587.5 36636.25 36685 36733.75 36782.5 36831.25 36880 36928.75 36977.5 37026.25 37075 37123.75 37172.5 37221.25 37270 37318.75 37367.5 37416.25 37465 37513.75 37562.5 37611.25 37660 37708.75 37757.5 37806.25 37855 37903.75 37952.5 38001.25 38050 38098.75 38147.5 38196.25 38245 38293.75 38342.5 38391.25 38440 38488.75 38537.5 38586.25 38635 38683.75 38732.5 38781.25 38830 38878.75 38927.5 38976.25 39025 39073.75 39122.5 39171.25 39220 39268.75 39317.5 39366.25 39415 39463.75 39512.5 39561.25 39610 39658.75 39707.5 39756.25 39805 39853.75 39902.5 39951.25 40000 ]
   )
   ( "dBm"
	 [ -23.075 -23.106 -23.122 -23.102 -23.142 -23.088 -23.106 -23.137 -23.173 -23.129 -23.108 -23.218 -23.187 -23.208 -23.193 -23.249 -23.179 -23.175 -23.161 -23.119 -23.165 -23.503 -23.501 -23.476 -23.493 -23.508 -23.523 -23.556 -23.574 -23.593 -23.565 -23.584 -23.579 -23.578 -23.597 -23.613 -23.609 -23.626 -23.64 -23.66 -23.654 -23.65 -23.67 -23.643 -23.67 -23.686 -23.713 -23.687 -23.693 -23.703 -23.686 -23.709 -23.72 -23.698 -23.72 -23.731 -23.753 -23.742 -23.742 -23.769 -23.754 -23.752 -23.769 -23.775 -23.773 -23.761 -23.78 -23.771 -23.792 -23.791 -23.814 -23.814 -23.839 -23.831 -23.837 -23.844 -23.866 -23.844 -23.859 -23.859 -23.88 -23.863 -23.865 -23.869 -23.879 -23.878 -23.896 -23.903 -23.909 -23.937 -23.94 -23.92 -23.927 -23.949 -23.964 -23.946 -23.954 -23.97 -23.947 -23.955 -23.993 -23.974 -23.992 -23.973 -24.007 -23.986 -24.021 -24.026 -24.025 -24.037 -24.036 -24.044 -24.013 -24.032 -24.036 -24.038 -24.026 -24.046 -24.053 -24.042 -24.105 -24.073 -24.09 -24.107 -24.094 -24.088 -24.106 -24.134 -24.114 -24.114 -24.129 -24.157 -24.129 -24.163 -24.138 -24.168 -24.129 -24.133 -24.148 -24.138 -24.179 -24.152 -24.142 -24.153 -24.183 -24.176 -24.187 -24.182 -24.205 -24.19 -24.2 -24.205 -24.2 -24.2 -24.201 -24.214 -24.201 -24.226 -24.234 -24.222 -24.241 -24.254 -24.269 -24.246 -24.28 -24.277 -24.273 -24.284 -24.26 -24.301 -24.261 -24.281 -24.308 -24.296 -24.29 -24.322 -24.305 -24.352 -24.311 -24.349 -24.344 -24.318 -24.36 -24.305 -24.367 -24.334 -24.372 -24.361 -24.355 -24.359 -24.356 -24.351 -24.38 -24.4 -24.348 -24.396 -24.392 -24.482 -24.429 -24.444 -24.42 -24.4 -24.421 -24.417 -24.425 -24.421 -24.427 -24.425 -24.457 -24.444 -24.497 -24.455 -24.479 -24.473 -24.451 -24.472 -24.486 -24.515 -24.479 -24.473 -24.485 -24.473 -24.485 -24.503 -24.51 -24.499 -24.533 -24.509 -24.534 -24.555 -24.558 -24.532 -24.527 -24.543 -24.535 -24.558 -24.552 -24.564 -24.554 -24.552 -24.568 -24.619 -24.586 -24.594 -24.583 -24.576 -24.58 -24.608 -24.609 -24.6 -24.611 -24.615 -24.609 -24.623 -24.654 -24.621 -24.626 -24.629 -24.656 -24.639 -24.71 -24.686 -24.638 -24.642 -24.673 -24.674 -24.693 -24.751 -24.681 -24.687 -24.689 -24.781 -24.703 -24.792 -24.73 -24.752 -24.736 -24.777 -24.828 -24.721 -24.828 -24.747 -24.802 -24.751 -24.849 -24.821 -24.823 -24.821 -24.853 -24.859 -24.855 -24.953 -24.857 -24.935 -24.829 -24.939 -24.863 -24.926 -24.922 -24.873 -24.882 -24.857 -24.921 -24.875 -24.942 -24.906 -24.914 -24.913 -24.941 -24.948 -24.933 -24.956 -24.92 -24.939 -24.909 -24.978 -24.961 -24.923 -24.966 -24.917 -24.961 -24.907 -25.013 -24.979 -25.028 -24.997 -25.033 -25.019 -25.048 -25.018 -25.016 -25.046 -24.998 -25.064 -25.011 -25.21 -25.03 -25.081 -25.057 -25.078 -25.089 -25.07 -25.148 -25.107 -25.174 -25.119 -25.12 -25.131 -25.188 -25.131 -25.133 -25.106 -25.133 -25.153 -25.142 -25.2 -25.166 -25.212 -25.176 -25.193 -25.214 -25.222 -25.234 -25.21 -25.233 -25.195 -25.237 -25.221 -25.228 -25.213 -25.234 -25.24 -25.241 -25.253 -25.281 -25.295 -25.298 -25.317 -25.291 -25.306 -25.308 -25.331 -25.334 -25.346 -25.352 -25.329 -25.326 -25.355 -25.359 -25.368 -25.374 -25.387 -25.404 -25.395 -25.439 -25.428 -25.411 -25.426 -25.396 -25.44 -25.449 -25.453 -25.421 -25.413 -25.433 -25.447 -25.44 -25.457 -25.471 -25.495 -25.471 -25.52 -25.503 -25.523 -25.515 -25.514 -25.527 -25.524 -25.569 -25.529 -25.557 -25.544 -25.545 -25.531 -25.531 -25.539 -25.558 -25.554 -25.6 -25.627 -25.595 -25.629 -25.604 -25.598 -25.602 -25.63 -25.626 -25.612 -25.637 -25.642 -25.631 -25.669 -25.684 -25.664 -25.701 -25.692 -25.76 -25.704 -25.782 -25.764 -25.729 -25.766 -25.73 -25.745 -25.727 -25.735 -25.748 -25.726 -25.743 -25.767 -25.759 -25.778 -25.764 -25.792 -25.763 -25.779 -25.777 -25.756 -25.782 -25.746 -25.766 -25.738 -25.751 -25.755 -25.764 -25.76 -25.772 -25.761 -25.771 -25.764 -25.768 -25.763 -25.749 -25.765 -25.729 -25.76 -25.748 -25.741 -25.737 -25.733 -25.755 -25.737 -25.796 -25.796 -25.788 -25.778 -25.787 -25.799 -25.776 -25.791 -25.773 -25.763 -25.782 -25.797 -25.825 -25.844 -25.828 -25.847 -25.84 -25.848 -25.879 -25.87 -25.86 -25.851 -25.848 -25.838 -25.844 -25.862 -25.85 -25.874 -25.898 -25.901 -25.92 -25.907 -25.943 -25.915 -25.932 -25.943 -25.917 -25.907 -25.932 -25.963 -25.945 -25.988 -25.976 -26.002 -25.998 -26.022 -26.034 -26.043 -26.035 -26.068 -26.025 -26.096 -26.053 -26.043 -25.972 -25.999 -26.003 -26.023 -26.035 -26.033 -26.057 -26.015 -26.032 -26.057 -26.06 -26.079 -26.078 -26.083 -26.077 -26.184 -26.183 -26.165 -26.172 -26.154 -26.197 -26.197 -26.265 -26.184 -26.212 -26.171 -26.201 -26.162 -26.232 -26.206 -26.212 -26.192 -26.212 -26.225 -26.209 -26.205 -26.208 -26.19 -26.189 -26.176 -26.159 -26.107 -26.111 -26.127 -26.153 -26.155 -26.2 -26.179 -26.215 -26.267 -26.302 -26.316 -26.298 -26.319 -26.274 -26.272 -26.276 -26.261 -26.219 -26.214 -26.24 -26.238 -26.301 -26.366 -26.366 -26.421 -26.469 -26.607 -26.498 -26.474 -26.412 -26.406 -26.37 -26.364 -26.35 -26.385 -26.343 -26.489 -26.436 -26.547 -26.571 -26.551 -26.639 -26.53 -26.649 -26.514 -26.584 -26.579 -26.835 -26.939 -26.625 -26.528 -26.557 -26.647 -26.602 -26.614 -26.638 -26.674 -26.677 -26.688 -26.665 -26.652 -26.633 -26.62 -26.596 -26.588 -26.534 -26.574 -26.609 -26.649 -26.665 -26.741 -26.739 -26.795 -26.757 -26.865 -26.761 -26.842 -26.769 -26.741 -26.75 -26.658 -26.771 -26.617 -26.713 -26.657 -26.73 -26.704 -26.728 -26.719 -26.736 -26.717 -26.729 -26.685 -26.664 -26.66 -26.631 -26.642 -26.619 -26.657 -26.613 -26.627 -26.687 -26.671 -26.72 -26.697 -26.686 -26.692 -26.725 -26.729 -26.714 -26.726 -26.748 -26.804 -26.775 -26.871 -26.803 -26.796 -26.793 -26.751 -26.758 -26.742 -26.836 -26.795 -26.854 -26.838 -26.919 -26.906 -27.017 -27.004 -26.998 -26.981 -27.01 -27.026 -26.951 -26.963 -26.91 -26.933 -26.878 -26.942 -26.908 -26.974 -26.934 -27.004 -26.995 -27.022 -27.059 -27.032 -27.047 -26.999 -26.982 -26.97 -26.968 -26.963 -26.993 -27.014 -27.019 -27.135 -27.114 -27.206 -27.276 -27.248 -27.228 -27.207 -27.303 -27.173 -27.172 -27.228 -27.139 -27.219 -27.211 -27.269 -27.338 -27.257 -27.405 -27.391 -27.418 -27.537 -27.416 -27.565 -27.396 -27.455 -27.322 -27.274 -27.348 -27.317 -27.574 -28.11 -28.192 -27.657 -27.443 -27.421 -27.422 -27.422 -27.451 -27.397 -27.374 -27.307 -27.293 -27.201 -27.189 -27.144 -27.124 -27.115 -27.121 -27.161 -27.176 -27.254 -27.307 -27.304 -27.352 -27.341 -27.378 -27.329 -27.314 ]
   )
  )
)
)
