(schema
 (numFields 9)
 (fieldName "DetectorModel"
  (type Text)
 )
 (fieldName "DetectorSN"
  (type Text)
 )
 (fieldName "Tech"
  (type Text)
 )
 (fieldName "Bench"
  (type Text)
 )
 (fieldName "Date"
  (type Real64)
 )
 (fieldName "Freq"
  (type Real64)
  (numDims 1)
  (size 801)
 )
 (fieldName "input"
  (type Real64)
  (numDims 1)
  (size 801)
 )
 (fieldName "output"
  (type Real64)
  (numDims 1)
  (size 801)
 )
 (fieldName "CL"
  (type Real64)
  (numDims 1)
  (size 801)
 )
)

(record
 ( "DetectorModel" "CableLoss")
 ( "DetectorSN" "234")
 ( "Tech" "sapplen")
 ( "Bench" "U2")
 ( "Date" 63866793603.472)
 ( "Freq"
   [ 1000 1048.75 1097.5 1146.25 1195 1243.75 1292.5 1341.25 1390 1438.75 1487.5 1536.25 1585 1633.75 1682.5 1731.25 1780 1828.75 1877.5 1926.25 1975 2023.75 2072.5 2121.25 2170 2218.75 2267.5 2316.25 2365 2413.75 2462.5 2511.25 2560 2608.75 2657.5 2706.25 2755 2803.75 2852.5 2901.25 2950 2998.75 3047.5 3096.25 3145 3193.75 3242.5 3291.25 3340 3388.75 3437.5 3486.25 3535 3583.75 3632.5 3681.25 3730 3778.75 3827.5 3876.25 3925 3973.75 4022.5 4071.25 4120 4168.75 4217.5 4266.25 4315 4363.75 4412.5 4461.25 4510 4558.75 4607.5 4656.25 4705 4753.75 4802.5 4851.25 4900 4948.75 4997.5 5046.25 5095 5143.75 5192.5 5241.25 5290 5338.75 5387.5 5436.25 5485 5533.75 5582.5 5631.25 5680 5728.75 5777.5 5826.25 5875 5923.75 5972.5 6021.25 6070 6118.75 6167.5 6216.25 6265 6313.75 6362.5 6411.25 6460 6508.75 6557.5 6606.25 6655 6703.75 6752.5 6801.25 6850 6898.75 6947.5 6996.25 7045 7093.75 7142.5 7191.25 7240 7288.75 7337.5 7386.25 7435 7483.75 7532.5 7581.25 7630 7678.75 7727.5 7776.25 7825 7873.75 7922.5 7971.25 8020 8068.75 8117.5 8166.25 8215 8263.75 8312.5 8361.25 8410 8458.75 8507.5 8556.25 8605 8653.75 8702.5 8751.25 8800 8848.75 8897.5 8946.25 8995 9043.75 9092.5 9141.25 9190 9238.75 9287.5 9336.25 9385 9433.75 9482.5 9531.25 9580 9628.75 9677.5 9726.25 9775 9823.75 9872.5 9921.25 9970 10018.75 10067.5 10116.25 10165 10213.75 10262.5 10311.25 10360 10408.75 10457.5 10506.25 10555 10603.75 10652.5 10701.25 10750 10798.75 10847.5 10896.25 10945 10993.75 11042.5 11091.25 11140 11188.75 11237.5 11286.25 11335 11383.75 11432.5 11481.25 11530 11578.75 11627.5 11676.25 11725 11773.75 11822.5 11871.25 11920 11968.75 12017.5 12066.25 12115 12163.75 12212.5 12261.25 12310 12358.75 12407.5 12456.25 12505 12553.75 12602.5 12651.25 12700 12748.75 12797.5 12846.25 12895 12943.75 12992.5 13041.25 13090 13138.75 13187.5 13236.25 13285 13333.75 13382.5 13431.25 13480 13528.75 13577.5 13626.25 13675 13723.75 13772.5 13821.25 13870 13918.75 13967.5 14016.25 14065 14113.75 14162.5 14211.25 14260 14308.75 14357.5 14406.25 14455 14503.75 14552.5 14601.25 14650 14698.75 14747.5 14796.25 14845 14893.75 14942.5 14991.25 15040 15088.75 15137.5 15186.25 15235 15283.75 15332.5 15381.25 15430 15478.75 15527.5 15576.25 15625 15673.75 15722.5 15771.25 15820 15868.75 15917.5 15966.25 16015 16063.75 16112.5 16161.25 16210 16258.75 16307.5 16356.25 16405 16453.75 16502.5 16551.25 16600 16648.75 16697.5 16746.25 16795 16843.75 16892.5 16941.25 16990 17038.75 17087.5 17136.25 17185 17233.75 17282.5 17331.25 17380 17428.75 17477.5 17526.25 17575 17623.75 17672.5 17721.25 17770 17818.75 17867.5 17916.25 17965 18013.75 18062.5 18111.25 18160 18208.75 18257.5 18306.25 18355 18403.75 18452.5 18501.25 18550 18598.75 18647.5 18696.25 18745 18793.75 18842.5 18891.25 18940 18988.75 19037.5 19086.25 19135 19183.75 19232.5 19281.25 19330 19378.75 19427.5 19476.25 19525 19573.75 19622.5 19671.25 19720 19768.75 19817.5 19866.25 19915 19963.75 20012.5 20061.25 20110 20158.75 20207.5 20256.25 20305 20353.75 20402.5 20451.25 20500 20548.75 20597.5 20646.25 20695 20743.75 20792.5 20841.25 20890 20938.75 20987.5 21036.25 21085 21133.75 21182.5 21231.25 21280 21328.75 21377.5 21426.25 21475 21523.75 21572.5 21621.25 21670 21718.75 21767.5 21816.25 21865 21913.75 21962.5 22011.25 22060 22108.75 22157.5 22206.25 22255 22303.75 22352.5 22401.25 22450 22498.75 22547.5 22596.25 22645 22693.75 22742.5 22791.25 22840 22888.75 22937.5 22986.25 23035 23083.75 23132.5 23181.25 23230 23278.75 23327.5 23376.25 23425 23473.75 23522.5 23571.25 23620 23668.75 23717.5 23766.25 23815 23863.75 23912.5 23961.25 24010 24058.75 24107.5 24156.25 24205 24253.75 24302.5 24351.25 24400 24448.75 24497.5 24546.25 24595 24643.75 24692.5 24741.25 24790 24838.75 24887.5 24936.25 24985 25033.75 25082.5 25131.25 25180 25228.75 25277.5 25326.25 25375 25423.75 25472.5 25521.25 25570 25618.75 25667.5 25716.25 25765 25813.75 25862.5 25911.25 25960 26008.75 26057.5 26106.25 26155 26203.75 26252.5 26301.25 26350 26398.75 26447.5 26496.25 26545 26593.75 26642.5 26691.25 26740 26788.75 26837.5 26886.25 26935 26983.75 27032.5 27081.25 27130 27178.75 27227.5 27276.25 27325 27373.75 27422.5 27471.25 27520 27568.75 27617.5 27666.25 27715 27763.75 27812.5 27861.25 27910 27958.75 28007.5 28056.25 28105 28153.75 28202.5 28251.25 28300 28348.75 28397.5 28446.25 28495 28543.75 28592.5 28641.25 28690 28738.75 28787.5 28836.25 28885 28933.75 28982.5 29031.25 29080 29128.75 29177.5 29226.25 29275 29323.75 29372.5 29421.25 29470 29518.75 29567.5 29616.25 29665 29713.75 29762.5 29811.25 29860 29908.75 29957.5 30006.25 30055 30103.75 30152.5 30201.25 30250 30298.75 30347.5 30396.25 30445 30493.75 30542.5 30591.25 30640 30688.75 30737.5 30786.25 30835 30883.75 30932.5 30981.25 31030 31078.75 31127.5 31176.25 31225 31273.75 31322.5 31371.25 31420 31468.75 31517.5 31566.25 31615 31663.75 31712.5 31761.25 31810 31858.75 31907.5 31956.25 32005 32053.75 32102.5 32151.25 32200 32248.75 32297.5 32346.25 32395 32443.75 32492.5 32541.25 32590 32638.75 32687.5 32736.25 32785 32833.75 32882.5 32931.25 32980 33028.75 33077.5 33126.25 33175 33223.75 33272.5 33321.25 33370 33418.75 33467.5 33516.25 33565 33613.75 33662.5 33711.25 33760 33808.75 33857.5 33906.25 33955 34003.75 34052.5 34101.25 34150 34198.75 34247.5 34296.25 34345 34393.75 34442.5 34491.25 34540 34588.75 34637.5 34686.25 34735 34783.75 34832.5 34881.25 34930 34978.75 35027.5 35076.25 35125 35173.75 35222.5 35271.25 35320 35368.75 35417.5 35466.25 35515 35563.75 35612.5 35661.25 35710 35758.75 35807.5 35856.25 35905 35953.75 36002.5 36051.25 36100 36148.75 36197.5 36246.25 36295 36343.75 36392.5 36441.25 36490 36538.75 36587.5 36636.25 36685 36733.75 36782.5 36831.25 36880 36928.75 36977.5 37026.25 37075 37123.75 37172.5 37221.25 37270 37318.75 37367.5 37416.25 37465 37513.75 37562.5 37611.25 37660 37708.75 37757.5 37806.25 37855 37903.75 37952.5 38001.25 38050 38098.75 38147.5 38196.25 38245 38293.75 38342.5 38391.25 38440 38488.75 38537.5 38586.25 38635 38683.75 38732.5 38781.25 38830 38878.75 38927.5 38976.25 39025 39073.75 39122.5 39171.25 39220 39268.75 39317.5 39366.25 39415 39463.75 39512.5 39561.25 39610 39658.75 39707.5 39756.25 39805 39853.75 39902.5 39951.25 40000 ]
 )
 ( "input"
   [ -9.587 -9.587 -9.59 -9.619999999999999 -9.667 -9.691000000000001 -9.672000000000001 -9.675000000000001 -9.694000000000001 -9.724 -9.763 -9.749000000000001 -9.73 -9.746 -9.829000000000001 -9.788 -9.691000000000001 -9.766 -9.872999999999999 -9.807 -9.746 -9.795999999999999 -9.872999999999999 -9.834 -9.82 -9.834 -9.862 -9.885999999999999 -9.9 -9.911 -9.917 -9.928000000000001 -9.936 -9.941000000000001 -9.949999999999999 -9.961 -9.962999999999999 -9.968999999999999 -9.974 -9.984999999999999 -9.999000000000001 -10.007 -10.015 -10.018 -10.035 -10.046 -10.062 -10.084 -10.101 -10.103 -10.101 -10.106 -10.12 -10.139 -10.15 -10.156 -10.169 -10.169 -10.183 -10.197 -10.2 -10.202 -10.205 -10.189 -10.205 -10.213 -10.221 -10.238 -10.238 -10.246 -10.268 -10.257 -10.282 -10.298 -10.298 -10.307 -10.304 -10.304 -10.312 -10.315 -10.331 -10.348 -10.356 -10.362 -10.353 -10.356 -10.373 -10.389 -10.395 -10.406 -10.411 -10.414 -10.425 -10.425 -10.449 -10.455 -10.449 -10.444 -10.455 -10.46 -10.485 -10.499 -10.513 -10.504 -10.507 -10.507 -10.515 -10.518 -10.532 -10.54 -10.537 -10.548 -10.559 -10.579 -10.606 -10.617 -10.62 -10.614 -10.606 -10.617 -10.623 -10.633 -10.653 -10.65 -10.708 -10.664 -10.658 -10.691 -10.708 -10.724 -10.735 -10.735 -10.735 -10.741 -10.741 -10.752 -10.763 -10.757 -10.771 -10.768 -10.774 -10.782 -10.79 -10.793 -10.801 -10.787 -10.785 -10.804 -10.823 -10.848 -10.864 -10.856 -10.856 -10.853 -10.853 -10.875 -10.892 -10.9 -10.905 -10.886 -10.872 -10.889 -10.903 -10.927 -10.938 -10.93 -10.925 -10.922 -10.927 -10.952 -10.958 -10.966 -10.952 -10.944 -10.949 -10.958 -10.971 -10.982 -10.98 -10.982 -10.974 -10.993 -11.004 -11.026 -11.04 -11.032 -11.032 -11.032 -11.026 -11.04 -11.043 -11.051 -11.065 -11.056 -11.073 -11.084 -11.084 -11.089 -11.089 -11.089 -11.106 -11.098 -11.109 -11.12 -11.12 -11.125 -11.128 -11.131 -11.136 -11.133 -11.136 -11.155 -11.15 -11.169 -11.183 -11.172 -11.175 -11.18 -11.177 -11.186 -11.188 -11.18 -11.194 -11.188 -11.191 -11.191 -11.191 -11.199 -11.21 -11.21 -11.216 -11.219 -11.219 -11.227 -11.219 -11.23 -11.238 -11.251 -11.265 -11.279 -11.265 -11.265 -11.268 -11.265 -11.282 -11.301 -11.312 -11.312 -11.312 -11.309 -11.301 -11.304 -11.315 -11.339 -11.348 -11.334 -11.337 -11.367 -11.323 -11.353 -11.359 -11.37 -11.37 -11.359 -11.353 -11.367 -11.37 -11.372 -11.364 -11.353 -11.367 -11.383 -11.411 -11.425 -11.425 -11.425 -11.425 -11.405 -11.425 -11.444 -11.449 -11.449 -11.43 -11.425 -11.433 -11.43 -11.455 -11.485 -11.49 -11.479 -11.466 -11.474 -11.485 -11.485 -11.49 -11.493 -11.482 -11.474 -11.485 -11.501 -11.51 -11.523 -11.518 -11.529 -11.537 -11.523 -11.548 -11.554 -11.545 -11.559 -11.534 -11.537 -11.573 -11.57 -11.584 -11.57 -11.532 -11.562 -11.589 -11.595 -11.644 -11.614 -11.628 -11.642 -11.603 -11.631 -11.644 -11.625 -11.65 -11.625 -11.625 -11.653 -11.639 -11.691 -11.683 -11.683 -11.702 -11.691 -11.672 -11.691 -11.669 -11.683 -11.688 -11.683 -11.696 -11.683 -11.677 -11.685 -11.691 -11.707 -11.729 -11.702 -11.691 -11.683 -11.685 -11.71 -11.743 -11.749 -11.746 -11.729 -11.713 -11.707 -11.716 -11.729 -11.76 -11.751 -11.735 -11.743 -11.754 -11.773 -11.795 -11.787 -11.771 -11.771 -11.751 -11.746 -11.754 -11.765 -11.776 -11.782 -11.779 -11.776 -11.773 -11.784 -11.809 -11.82 -11.82 -11.845 -11.837 -11.856 -11.883 -11.924 -11.919 -11.927 -11.924 -11.971 -11.93 -11.922 -11.952 -11.93 -11.966 -11.952 -11.946 -12.004 -11.979 -11.99 -12.029 -11.99 -11.985 -11.955 -11.93 -11.957 -11.941 -11.922 -11.935 -11.924 -11.922 -11.927 -11.919 -11.949 -11.944 -11.933 -11.941 -11.933 -11.919 -11.933 -11.919 -11.913 -11.933 -11.93 -11.935 -11.944 -11.935 -11.946 -11.946 -11.924 -11.941 -11.927 -11.919 -11.927 -11.933 -11.93 -11.938 -11.922 -11.922 -11.933 -11.938 -11.938 -11.935 -11.935 -11.957 -11.971 -11.974 -11.988 -11.988 -11.971 -11.966 -11.957 -11.974 -12.004 -11.999 -12.015 -12.01 -12.001 -12.007 -12.015 -12.012 -12.015 -12.001 -11.99 -11.971 -11.966 -11.988 -12.001 -11.993 -12.001 -12.004 -12.001 -12.015 -12.023 -12.04 -12.054 -12.045 -12.026 -12.026 -12.021 -12.037 -12.045 -12.04 -12.056 -12.075 -12.075 -12.07 -12.078 -12.097 -12.125 -12.133 -12.139 -12.141 -12.125 -12.128 -12.128 -12.147 -12.169 -12.169 -12.161 -12.152 -12.155 -12.158 -12.166 -12.166 -12.172 -12.188 -12.194 -12.218 -12.227 -12.24 -12.235 -12.205 -12.188 -12.183 -12.172 -12.188 -12.188 -12.128 -12.081 -12.067 -12.078 -12.097 -12.117 -12.119 -12.114 -12.097 -12.089 -12.075 -12.092 -12.1 -12.106 -12.111 -12.106 -12.117 -12.108 -12.106 -12.122 -12.128 -12.144 -12.144 -12.133 -12.13 -12.097 -12.089 -12.119 -12.133 -12.166 -12.188 -12.177 -12.147 -12.119 -12.111 -12.119 -12.147 -12.163 -12.155 -12.139 -12.122 -12.111 -12.122 -12.152 -12.161 -12.158 -12.133 -12.125 -12.161 -12.227 -12.273 -12.312 -12.336 -12.279 -12.254 -12.174 -12.152 -12.155 -12.15 -12.152 -12.172 -12.174 -12.196 -12.207 -12.254 -12.265 -12.251 -12.249 -12.141 -12.092 -12.097 -12.097 -12.133 -12.13 -12.122 -12.108 -12.084 -12.095 -12.119 -12.158 -12.188 -12.136 -12.108 -12.152 -12.24 -12.202 -12.18 -12.177 -12.147 -12.081 -11.999 -11.988 -12.012 -12.065 -12.111 -12.114 -12.108 -12.075 -12.065 -12.097 -12.155 -12.188 -12.155 -12.106 -12.07 -12.062 -12.119 -12.18 -12.218 -12.257 -12.194 -12.196 -12.353 -12.358 -12.235 -12.188 -12.139 -12.106 -12.07 -12.062 -12.097 -12.158 -12.205 -12.141 -12.108 -12.018 -12.029 -12.067 -12.097 -12.111 -12.111 -12.067 -12.073 -12.065 -12.078 -12.119 -12.111 -12.111 -12.075 -12.051 -12.056 -12.075 -12.13 -12.084 -12.048 -12.029 -12.015 -12.015 -12.032 -12.043 -12.034 -12.004 -11.999 -11.99 -11.999 -12.007 -12.01 -11.979 -11.966 -11.96 -11.971 -12.01 -12.023 -12.026 -12.018 -11.999 -11.993 -12.012 -12.051 -12.037 -12.007 -11.966 -11.963 -11.993 -12.037 -12.07 -12.125 -12.089 -12.089 -12.062 -12.032 -12.084 -12.089 -12.07 -12.056 -12.01 -11.99 -12.018 -12.043 -12.086 -12.037 -12.015 -11.99 -11.963 -11.99 -12.007 -12.023 -12.018 -11.993 -11.99 -11.968 -11.971 -11.985 -11.957 -11.938 -11.922 -11.927 -11.979 -12.043 -12.04 -12.01 -11.966 -11.922 -11.927 -11.955 -11.979 -12.007 -11.977 -11.957 -11.944 -11.952 -12.01 -12.021 -11.957 -11.916 -11.869 -11.902 -11.999 -12.078 -12.152 -12.141 -12.065 -12.015 -12.015 -12.059 -12.136 -12.125 -12.075 -12.037 -12.018 -12.089 -12.144 -12.196 -12.21 -12.158 -12.119 -12.202 -12.449 -13.001 -13.498 -13.424 -12.715 -12.26 -12.056 -12.021 -11.979 -11.957 -11.941 -11.883 -11.883 -11.902 -11.913 -11.979 -12.01 -11.974 -11.988 -11.897 -11.839 -11.831 -11.773 -11.809 -11.831 -11.784 -11.795 -11.765 -11.768 -11.798 ]
 )
 ( "output"
   [ -9.606 -9.606 -9.612 -9.642 -9.686 -9.711 -9.689 -9.694000000000001 -9.711 -9.744 -9.776999999999999 -9.763 -9.752000000000001 -9.76 -9.845000000000001 -9.795999999999999 -9.705 -9.785 -9.885999999999999 -9.82 -9.763 -9.808999999999999 -9.888999999999999 -9.848000000000001 -9.837 -9.851000000000001 -9.875 -9.903000000000001 -9.914 -9.925000000000001 -9.93 -9.946999999999999 -9.952 -9.958 -9.961 -9.972 -9.98 -9.984999999999999 -9.994 -9.999000000000001 -10.013 -10.024 -10.029 -10.035 -10.048 -10.059 -10.079 -10.103 -10.117 -10.117 -10.114 -10.123 -10.136 -10.153 -10.164 -10.175 -10.189 -10.189 -10.202 -10.213 -10.216 -10.219 -10.221 -10.208 -10.221 -10.232 -10.241 -10.254 -10.257 -10.265 -10.285 -10.276 -10.301 -10.315 -10.323 -10.323 -10.326 -10.326 -10.334 -10.337 -10.356 -10.37 -10.378 -10.381 -10.375 -10.378 -10.4 -10.414 -10.422 -10.433 -10.438 -10.438 -10.449 -10.449 -10.474 -10.485 -10.474 -10.471 -10.48 -10.488 -10.513 -10.526 -10.543 -10.532 -10.537 -10.537 -10.546 -10.551 -10.562 -10.57 -10.57 -10.581 -10.592 -10.612 -10.639 -10.65 -10.658 -10.647 -10.644 -10.65 -10.658 -10.672 -10.691 -10.694 -10.749 -10.708 -10.697 -10.732 -10.749 -10.765 -10.779 -10.776 -10.774 -10.782 -10.782 -10.79 -10.801 -10.793 -10.812 -10.804 -10.809 -10.818 -10.828 -10.828 -10.837 -10.818 -10.807 -10.834 -10.85 -10.872 -10.886 -10.878 -10.875 -10.87 -10.87 -10.889 -10.905 -10.911 -10.919 -10.894 -10.881 -10.9 -10.911 -10.933 -10.941 -10.936 -10.93 -10.925 -10.933 -10.952 -10.96 -10.969 -10.955 -10.947 -10.952 -10.963 -10.977 -10.993 -10.988 -10.988 -10.982 -10.999 -11.007 -11.034 -11.045 -11.04 -11.043 -11.045 -11.034 -11.051 -11.051 -11.065 -11.078 -11.073 -11.089 -11.095 -11.098 -11.106 -11.103 -11.109 -11.122 -11.117 -11.125 -11.142 -11.131 -11.142 -11.147 -11.147 -11.155 -11.15 -11.155 -11.175 -11.172 -11.191 -11.202 -11.197 -11.197 -11.202 -11.194 -11.208 -11.21 -11.202 -11.213 -11.208 -11.213 -11.213 -11.21 -11.219 -11.232 -11.232 -11.238 -11.238 -11.241 -11.246 -11.238 -11.246 -11.26 -11.271 -11.287 -11.298 -11.284 -11.284 -11.287 -11.29 -11.301 -11.323 -11.337 -11.334 -11.334 -11.328 -11.317 -11.326 -11.337 -11.359 -11.37 -11.356 -11.356 -11.392 -11.342 -11.375 -11.381 -11.389 -11.392 -11.375 -11.372 -11.386 -11.394 -11.389 -11.383 -11.372 -11.389 -11.405 -11.433 -11.447 -11.447 -11.447 -11.444 -11.425 -11.447 -11.463 -11.471 -11.471 -11.452 -11.447 -11.455 -11.452 -11.471 -11.504 -11.512 -11.501 -11.488 -11.49 -11.504 -11.504 -11.512 -11.515 -11.501 -11.496 -11.504 -11.518 -11.532 -11.545 -11.537 -11.551 -11.559 -11.545 -11.57 -11.573 -11.565 -11.576 -11.554 -11.556 -11.589 -11.589 -11.603 -11.589 -11.554 -11.578 -11.611 -11.617 -11.666 -11.633 -11.647 -11.658 -11.625 -11.653 -11.666 -11.647 -11.672 -11.644 -11.644 -11.674 -11.661 -11.713 -11.707 -11.702 -11.727 -11.713 -11.696 -11.716 -11.691 -11.702 -11.71 -11.707 -11.716 -11.702 -11.699 -11.71 -11.713 -11.729 -11.749 -11.727 -11.71 -11.705 -11.71 -11.729 -11.762 -11.768 -11.765 -11.754 -11.735 -11.727 -11.732 -11.751 -11.776 -11.768 -11.751 -11.762 -11.773 -11.795 -11.82 -11.809 -11.79 -11.79 -11.771 -11.765 -11.773 -11.784 -11.795 -11.804 -11.795 -11.795 -11.793 -11.798 -11.826 -11.834 -11.837 -11.861 -11.853 -11.872 -11.897 -11.946 -11.93 -11.944 -11.938 -11.985 -11.946 -11.938 -11.966 -11.946 -11.985 -11.974 -11.96 -12.021 -11.996 -12.004 -12.048 -12.01 -12.004 -11.974 -11.952 -11.977 -11.963 -11.941 -11.96 -11.946 -11.944 -11.952 -11.944 -11.974 -11.971 -11.957 -11.968 -11.957 -11.946 -11.963 -11.952 -11.944 -11.966 -11.963 -11.974 -11.979 -11.974 -11.985 -11.988 -11.966 -11.982 -11.974 -11.971 -11.974 -11.982 -11.979 -11.988 -11.974 -11.974 -11.99 -11.993 -12.001 -12.001 -11.999 -12.023 -12.037 -12.04 -12.056 -12.056 -12.04 -12.034 -12.029 -12.045 -12.075 -12.075 -12.089 -12.081 -12.075 -12.086 -12.089 -12.089 -12.097 -12.078 -12.07 -12.054 -12.051 -12.07 -12.084 -12.084 -12.092 -12.097 -12.095 -12.111 -12.119 -12.139 -12.152 -12.147 -12.13 -12.133 -12.125 -12.144 -12.158 -12.144 -12.163 -12.183 -12.183 -12.18 -12.194 -12.21 -12.24 -12.246 -12.257 -12.257 -12.246 -12.249 -12.249 -12.265 -12.292 -12.292 -12.281 -12.279 -12.281 -12.284 -12.295 -12.298 -12.301 -12.323 -12.328 -12.35 -12.358 -12.372 -12.367 -12.336 -12.323 -12.32 -12.309 -12.32 -12.323 -12.265 -12.218 -12.202 -12.216 -12.235 -12.251 -12.254 -12.254 -12.232 -12.227 -12.216 -12.229 -12.235 -12.24 -12.249 -12.243 -12.254 -12.246 -12.243 -12.254 -12.26 -12.279 -12.279 -12.265 -12.265 -12.232 -12.227 -12.246 -12.265 -12.298 -12.32 -12.303 -12.279 -12.249 -12.24 -12.246 -12.279 -12.292 -12.279 -12.262 -12.243 -12.235 -12.246 -12.273 -12.281 -12.279 -12.254 -12.243 -12.279 -12.35 -12.389 -12.427 -12.457 -12.397 -12.372 -12.292 -12.268 -12.268 -12.265 -12.265 -12.281 -12.287 -12.309 -12.317 -12.358 -12.369 -12.358 -12.35 -12.243 -12.194 -12.194 -12.196 -12.227 -12.224 -12.216 -12.196 -12.169 -12.183 -12.207 -12.243 -12.268 -12.218 -12.191 -12.235 -12.317 -12.276 -12.26 -12.254 -12.224 -12.152 -12.075 -12.059 -12.084 -12.139 -12.188 -12.188 -12.177 -12.144 -12.136 -12.169 -12.224 -12.254 -12.221 -12.172 -12.136 -12.128 -12.183 -12.246 -12.281 -12.32 -12.254 -12.257 -12.413 -12.422 -12.298 -12.246 -12.202 -12.169 -12.133 -12.128 -12.166 -12.227 -12.273 -12.21 -12.172 -12.086 -12.097 -12.133 -12.161 -12.18 -12.177 -12.133 -12.139 -12.133 -12.141 -12.188 -12.18 -12.18 -12.136 -12.114 -12.119 -12.133 -12.194 -12.147 -12.111 -12.089 -12.075 -12.075 -12.095 -12.097 -12.089 -12.056 -12.051 -12.045 -12.054 -12.065 -12.065 -12.034 -12.021 -12.018 -12.026 -12.065 -12.078 -12.078 -12.075 -12.051 -12.051 -12.065 -12.103 -12.089 -12.059 -12.021 -12.018 -12.045 -12.089 -12.125 -12.177 -12.136 -12.139 -12.111 -12.081 -12.13 -12.133 -12.119 -12.106 -12.054 -12.034 -12.065 -12.089 -12.133 -12.084 -12.059 -12.037 -12.012 -12.037 -12.051 -12.07 -12.062 -12.04 -12.037 -12.018 -12.021 -12.034 -12.01 -11.985 -11.971 -11.974 -12.023 -12.089 -12.089 -12.059 -12.012 -11.966 -11.974 -12.001 -12.023 -12.051 -12.023 -12.001 -11.99 -11.996 -12.056 -12.065 -12.001 -11.957 -11.913 -11.944 -12.043 -12.122 -12.196 -12.188 -12.108 -12.059 -12.059 -12.1 -12.177 -12.172 -12.119 -12.081 -12.059 -12.133 -12.188 -12.24 -12.251 -12.202 -12.158 -12.238 -12.49 -13.04 -13.52 -13.471 -12.759 -12.303 -12.097 -12.062 -12.018 -11.999 -11.979 -11.924 -11.922 -11.938 -11.952 -12.018 -12.051 -12.018 -12.029 -11.938 -11.883 -11.872 -11.817 -11.848 -11.872 -11.828 -11.839 -11.809 -11.809 -11.842 ]
 )
 ( "CL"
   [ 0.01900000000000013 0.01900000000000013 0.02200000000000024 0.02200000000000024 0.01900000000000013 0.01999999999999957 0.01699999999999946 0.01900000000000013 0.01699999999999946 0.01999999999999957 0.01399999999999935 0.01399999999999935 0.02200000000000024 0.01399999999999935 0.01600000000000001 0.007999999999999119 0.01399999999999935 0.01900000000000013 0.0129999999999999 0.0129999999999999 0.01699999999999946 0.0129999999999999 0.01600000000000001 0.01400000000000112 0.01699999999999946 0.01700000000000124 0.0129999999999999 0.01700000000000124 0.01399999999999935 0.01400000000000112 0.0129999999999999 0.01899999999999835 0.01600000000000001 0.01699999999999946 0.01100000000000101 0.01099999999999923 0.01700000000000124 0.01600000000000001 0.01999999999999957 0.01400000000000112 0.01399999999999935 0.01699999999999946 0.01399999999999935 0.01699999999999946 0.0129999999999999 0.0129999999999999 0.01700000000000124 0.01900000000000013 0.01600000000000001 0.01400000000000112 0.0129999999999999 0.01699999999999946 0.01600000000000001 0.01400000000000112 0.01399999999999935 0.01900000000000013 0.01999999999999957 0.01999999999999957 0.01900000000000013 0.01600000000000001 0.01600000000000001 0.01699999999999946 0.01600000000000001 0.01900000000000013 0.01600000000000001 0.01900000000000013 0.01999999999999957 0.01600000000000001 0.01900000000000013 0.01900000000000013 0.01699999999999946 0.01900000000000013 0.01900000000000013 0.01699999999999946 0.02500000000000036 0.01600000000000001 0.02200000000000024 0.02200000000000024 0.02200000000000024 0.02200000000000024 0.02500000000000036 0.02199999999999847 0.02200000000000024 0.01900000000000013 0.02200000000000024 0.02200000000000024 0.02700000000000102 0.02500000000000036 0.02700000000000102 0.02699999999999925 0.02700000000000102 0.02400000000000091 0.02399999999999913 0.02399999999999913 0.02500000000000036 0.02999999999999936 0.02500000000000036 0.02699999999999925 0.02500000000000036 0.02799999999999869 0.02800000000000047 0.02699999999999925 0.02999999999999936 0.02800000000000047 0.03000000000000114 0.03000000000000114 0.03099999999999881 0.03299999999999947 0.02999999999999936 0.03000000000000114 0.03299999999999947 0.03299999999999947 0.03300000000000125 0.03299999999999947 0.03299999999999947 0.03299999999999947 0.03800000000000026 0.03299999999999947 0.03800000000000026 0.03299999999999947 0.03500000000000014 0.03900000000000148 0.03800000000000026 0.04400000000000048 0.04100000000000037 0.04400000000000048 0.0389999999999997 0.04099999999999859 0.04100000000000037 0.04100000000000037 0.04400000000000048 0.04100000000000037 0.0389999999999997 0.04100000000000037 0.04100000000000037 0.03799999999999848 0.03800000000000026 0.03599999999999959 0.04099999999999859 0.03599999999999959 0.03500000000000014 0.03599999999999959 0.03800000000000026 0.03500000000000014 0.03599999999999959 0.03099999999999881 0.02200000000000024 0.02999999999999936 0.02699999999999925 0.02399999999999913 0.02199999999999847 0.02200000000000024 0.01900000000000013 0.01699999999999946 0.01699999999999946 0.01399999999999935 0.0129999999999999 0.01099999999999923 0.01400000000000112 0.008000000000000895 0.009000000000000341 0.01100000000000101 0.007999999999999119 0.006000000000000227 0.003000000000000114 0.006000000000000227 0.004999999999999005 0.003000000000000114 0.006000000000000227 0 0.002000000000000668 0.003000000000000114 0.003000000000000114 0.002999999999998337 0.003000000000000114 0.004999999999999005 0.006000000000000227 0.01100000000000101 0.007999999999999119 0.006000000000000227 0.007999999999999119 0.006000000000000227 0.003000000000000114 0.008000000000000895 0.005000000000000782 0.007999999999999119 0.01099999999999923 0.0129999999999999 0.008000000000000895 0.01100000000000101 0.008000000000000895 0.01399999999999935 0.0129999999999999 0.01700000000000124 0.01600000000000001 0.01100000000000101 0.01400000000000112 0.01699999999999946 0.01399999999999935 0.01999999999999957 0.01600000000000001 0.01900000000000013 0.01600000000000001 0.02200000000000024 0.01100000000000101 0.01699999999999946 0.01900000000000013 0.01600000000000001 0.01900000000000013 0.01700000000000124 0.01900000000000013 0.02000000000000135 0.02200000000000024 0.02200000000000024 0.01900000000000013 0.02499999999999858 0.02199999999999847 0.02200000000000024 0.01700000000000124 0.02200000000000024 0.02200000000000024 0.02200000000000024 0.01899999999999835 0.01999999999999957 0.02199999999999847 0.02199999999999847 0.01900000000000013 0.01999999999999957 0.02199999999999847 0.02199999999999847 0.02200000000000024 0.01900000000000013 0.02200000000000024 0.01900000000000013 0.01900000000000013 0.01600000000000001 0.02200000000000024 0.02000000000000135 0.02200000000000024 0.01900000000000013 0.01900000000000013 0.01900000000000013 0.01900000000000013 0.02499999999999858 0.01900000000000013 0.02200000000000024 0.02500000000000036 0.02200000000000024 0.02200000000000024 0.01900000000000013 0.01600000000000001 0.02200000000000024 0.02200000000000024 0.01999999999999957 0.02199999999999847 0.02200000000000024 0.01900000000000013 0.02499999999999858 0.01900000000000013 0.02200000000000024 0.02200000000000024 0.01900000000000013 0.02200000000000024 0.01600000000000001 0.01900000000000013 0.01899999999999835 0.02400000000000091 0.01699999999999946 0.01899999999999835 0.01900000000000013 0.02199999999999847 0.02200000000000024 0.02200000000000024 0.02199999999999847 0.02199999999999847 0.02199999999999847 0.01900000000000013 0.02000000000000135 0.02199999999999847 0.01899999999999835 0.02200000000000024 0.02200000000000024 0.02200000000000024 0.02199999999999847 0.02200000000000024 0.02200000000000024 0.01600000000000001 0.01900000000000013 0.02200000000000024 0.02200000000000024 0.02200000000000024 0.01600000000000001 0.01900000000000013 0.01900000000000013 0.02200000000000024 0.02200000000000024 0.01900000000000013 0.02200000000000024 0.01900000000000013 0.01700000000000124 0.02200000000000024 0.02200000000000024 0.01900000000000013 0.02200000000000024 0.02199999999999847 0.02200000000000024 0.02200000000000024 0.01900000000000013 0.01999999999999957 0.01700000000000124 0.01999999999999957 0.01899999999999835 0.01600000000000001 0.01900000000000013 0.01900000000000013 0.01900000000000013 0.02200000000000024 0.01600000000000001 0.02200000000000024 0.02200000000000024 0.02200000000000024 0.01899999999999835 0.01900000000000013 0.01600000000000001 0.02200000000000024 0.02200000000000024 0.02200000000000024 0.02200000000000024 0.02200000000000024 0.01900000000000013 0.01900000000000013 0.02099999999999902 0.02200000000000024 0.02199999999999847 0.02400000000000091 0.01900000000000013 0.02500000000000036 0.02199999999999847 0.02399999999999913 0.02499999999999858 0.02200000000000024 0.01900000000000013 0.02200000000000024 0.02400000000000091 0.01999999999999957 0.01900000000000013 0.02200000000000024 0.02500000000000036 0.02199999999999847 0.02199999999999847 0.02000000000000135 0.02500000000000036 0.01900000000000013 0.02200000000000024 0.02500000000000036 0.01899999999999835 0.01900000000000013 0.01900000000000013 0.01900000000000013 0.02500000000000036 0.02200000000000024 0.01999999999999957 0.01600000000000001 0.02200000000000024 0.01600000000000001 0.01700000000000124 0.01600000000000001 0.01900000000000013 0.01900000000000013 0.02200000000000024 0.02500000000000036 0.02199999999999847 0.01899999999999835 0.01899999999999835 0.02000000000000135 0.01900000000000013 0.01900000000000013 0.01900000000000013 0.01900000000000013 0.02200000000000024 0.01600000000000001 0.01900000000000013 0.01999999999999957 0.01399999999999935 0.01700000000000124 0.01399999999999935 0.01699999999999946 0.01600000000000001 0.01600000000000001 0.01600000000000001 0.01400000000000112 0.02200000000000024 0.01099999999999923 0.01700000000000124 0.01400000000000112 0.01399999999999935 0.01600000000000001 0.01600000000000001 0.01399999999999935 0.01600000000000001 0.01900000000000013 0.02200000000000024 0.01400000000000112 0.01700000000000124 0.01700000000000124 0.01399999999999935 0.01900000000000013 0.01999999999999957 0.01900000000000013 0.01900000000000013 0.02200000000000024 0.01999999999999957 0.02199999999999847 0.01900000000000013 0.02500000000000036 0.02200000000000024 0.02200000000000024 0.02500000000000036 0.02500000000000036 0.02500000000000036 0.02699999999999925 0.02400000000000091 0.02699999999999925 0.02400000000000091 0.02699999999999925 0.02999999999999936 0.03299999999999947 0.03100000000000058 0.03299999999999947 0.03299999999999947 0.0389999999999997 0.03499999999999837 0.0389999999999997 0.0389999999999997 0.04199999999999982 0.04199999999999982 0.04099999999999859 0.0470000000000006 0.0519999999999996 0.0470000000000006 0.04899999999999949 0.04899999999999949 0.04999999999999893 0.0519999999999996 0.0519999999999996 0.05700000000000038 0.05499999999999972 0.06299999999999884 0.06599999999999895 0.06400000000000006 0.06599999999999895 0.06600000000000073 0.06599999999999895 0.06799999999999962 0.06799999999999962 0.06899999999999906 0.06800000000000139 0.07199999999999918 0.07099999999999973 0.07099999999999973 0.07599999999999874 0.07399999999999984 0.07099999999999973 0.07399999999999984 0.07900000000000063 0.07399999999999984 0.07699999999999996 0.08199999999999896 0.07699999999999996 0.08000000000000007 0.08300000000000019 0.08500000000000085 0.08200000000000074 0.08300000000000019 0.0909999999999993 0.09100000000000108 0.09299999999999997 0.09400000000000119 0.09600000000000009 0.09600000000000009 0.0990000000000002 0.09799999999999898 0.1020000000000003 0.104000000000001 0.1069999999999993 0.1039999999999992 0.1069999999999993 0.1129999999999996 0.104000000000001 0.1070000000000011 0.1080000000000005 0.1080000000000005 0.1099999999999994 0.1160000000000014 0.1130000000000013 0.1150000000000002 0.1130000000000013 0.1180000000000003 0.1159999999999997 0.1210000000000004 0.1210000000000004 0.1210000000000004 0.1180000000000003 0.1229999999999993 0.1229999999999993 0.120000000000001 0.1270000000000007 0.1260000000000012 0.1260000000000012 0.1289999999999996 0.1319999999999997 0.1289999999999996 0.1349999999999998 0.1339999999999986 0.1319999999999997 0.1310000000000002 0.1319999999999997 0.1320000000000015 0.1310000000000002 0.1349999999999998 0.1370000000000005 0.1369999999999987 0.1319999999999997 0.1349999999999998 0.1370000000000005 0.1370000000000005 0.1349999999999998 0.1379999999999999 0.1379999999999999 0.1339999999999986 0.1349999999999998 0.1399999999999988 0.1349999999999998 0.1379999999999999 0.141 0.1369999999999987 0.1349999999999998 0.1340000000000003 0.1379999999999999 0.1370000000000005 0.1369999999999987 0.1379999999999999 0.1370000000000005 0.1319999999999997 0.1319999999999997 0.1349999999999998 0.1349999999999998 0.1320000000000015 0.1349999999999998 0.1349999999999998 0.1379999999999999 0.1270000000000007 0.1320000000000015 0.1319999999999997 0.1319999999999997 0.1260000000000012 0.1319999999999997 0.1300000000000008 0.1289999999999996 0.1270000000000007 0.1319999999999997 0.1289999999999996 0.1240000000000006 0.1230000000000011 0.1210000000000004 0.1239999999999988 0.1240000000000006 0.1210000000000004 0.120000000000001 0.1210000000000004 0.1210000000000004 0.1180000000000003 0.1180000000000003 0.1229999999999993 0.1159999999999997 0.1150000000000002 0.1210000000000004 0.1180000000000003 0.1180000000000003 0.1180000000000003 0.1160000000000014 0.1130000000000013 0.1150000000000002 0.1130000000000013 0.109 0.1130000000000013 0.1129999999999996 0.1099999999999994 0.104000000000001 0.1039999999999992 0.1070000000000011 0.1009999999999991 0.1020000000000003 0.1020000000000003 0.09700000000000131 0.0990000000000002 0.09400000000000119 0.09399999999999942 0.09399999999999942 0.08799999999999919 0.08500000000000085 0.08799999999999919 0.08800000000000097 0.08500000000000085 0.08000000000000007 0.08200000000000074 0.08300000000000019 0.08300000000000019 0.07699999999999996 0.07399999999999984 0.08000000000000007 0.07699999999999996 0.07699999999999996 0.07099999999999973 0.07599999999999874 0.07099999999999973 0.07199999999999918 0.07399999999999984 0.07699999999999996 0.07399999999999984 0.06899999999999906 0.06900000000000084 0.07099999999999973 0.07200000000000095 0.06900000000000084 0.06599999999999895 0.06600000000000073 0.06600000000000073 0.06599999999999895 0.06600000000000073 0.06400000000000006 0.06600000000000073 0.06300000000000061 0.06300000000000061 0.05999999999999872 0.06099999999999994 0.0600000000000005 0.06400000000000006 0.06300000000000061 0.05799999999999983 0.06300000000000061 0.06300000000000061 0.06299999999999884 0.06600000000000073 0.06900000000000084 0.06900000000000084 0.06799999999999962 0.06900000000000084 0.06400000000000006 0.06799999999999962 0.06799999999999962 0.06599999999999895 0.06400000000000006 0.06899999999999906 0.06599999999999895 0.06599999999999895 0.06599999999999895 0.06799999999999962 0.06300000000000061 0.06900000000000084 0.06899999999999906 0.06899999999999906 0.06099999999999994 0.06300000000000061 0.06300000000000061 0.05799999999999983 0.06400000000000006 0.06300000000000061 0.06300000000000061 0.0600000000000005 0.05999999999999872 0.05999999999999872 0.06300000000000061 0.05400000000000027 0.05499999999999972 0.0519999999999996 0.0519999999999996 0.05499999999999972 0.05499999999999972 0.05799999999999983 0.05499999999999972 0.05500000000000149 0.05500000000000149 0.05799999999999983 0.05499999999999972 0.05499999999999972 0.05499999999999972 0.0519999999999996 0.05699999999999861 0.0519999999999996 0.05799999999999983 0.05299999999999905 0.0519999999999996 0.0519999999999996 0.0519999999999996 0.05500000000000149 0.05500000000000149 0.0519999999999996 0.0519999999999996 0.05499999999999972 0.0519999999999996 0.04699999999999882 0.04999999999999893 0.04900000000000127 0.04899999999999949 0.04600000000000115 0.04399999999999871 0.04899999999999949 0.05000000000000071 0.04400000000000048 0.04400000000000048 0.04699999999999882 0.04600000000000115 0.04699999999999882 0.04699999999999882 0.04399999999999871 0.0470000000000006 0.04900000000000127 0.0470000000000006 0.04400000000000048 0.0470000000000006 0.04399999999999871 0.04699999999999882 0.0470000000000006 0.05000000000000071 0.05000000000000071 0.04900000000000127 0.05299999999999905 0.04699999999999882 0.04899999999999949 0.0470000000000006 0.04400000000000048 0.04600000000000115 0.04900000000000127 0.04899999999999949 0.04600000000000115 0.04399999999999871 0.0470000000000006 0.04599999999999938 0.04400000000000048 0.04400000000000048 0.04599999999999938 0.04399999999999871 0.04599999999999938 0.04400000000000048 0.04599999999999938 0.04399999999999871 0.04399999999999871 0.04100000000000037 0.04400000000000048 0.04200000000000159 0.04399999999999871 0.04400000000000048 0.04400000000000048 0.0470000000000006 0.04300000000000104 0.04399999999999871 0.04399999999999871 0.04100000000000037 0.04100000000000037 0.0470000000000006 0.04400000000000048 0.04399999999999871 0.04099999999999859 0.04399999999999871 0.04400000000000048 0.04400000000000048 0.04099999999999859 0.04400000000000048 0.0389999999999997 0.03599999999999959 0.04100000000000037 0.0389999999999997 0.02200000000000024 0.0470000000000006 0.04400000000000048 0.04300000000000104 0.04100000000000037 0.04099999999999859 0.03900000000000148 0.04199999999999982 0.03799999999999848 0.04100000000000037 0.03900000000000148 0.03600000000000136 0.0389999999999997 0.03900000000000148 0.04100000000000037 0.04400000000000048 0.04100000000000037 0.04100000000000037 0.04399999999999871 0.04100000000000037 0.04400000000000048 0.03900000000000148 0.04100000000000037 0.04399999999999871 0.04400000000000048 0.04399999999999871 0.04099999999999859 0.04400000000000048 ]
 )
)
