(schema
 (numFields 9)
 (fieldName "DetectorModel"
  (type Text)
 )
 (fieldName "DetectorSN"
  (type Text)
 )
 (fieldName "Tech"
  (type Text)
 )
 (fieldName "Bench"
  (type Text)
 )
 (fieldName "Date"
  (type Real64)
 )
 (fieldName "Freq"
  (type Real64)
  (numDims 1)
  (size 801)
 )
 (fieldName "input"
  (type Real64)
  (numDims 1)
  (size 801)
 )
 (fieldName "output"
  (type Real64)
  (numDims 1)
  (size 801)
 )
 (fieldName "CL"
  (type Real64)
  (numDims 1)
  (size 801)
 )
)

(record
 ( "DetectorModel" "CableLoss")
 ( "DetectorSN" "234")
 ( "Tech" "sapplen")
 ( "Bench" "U2")
 ( "Date" 63867825775.795)
 ( "Freq"
   [ 1000 1048.75 1097.5 1146.25 1195 1243.75 1292.5 1341.25 1390 1438.75 1487.5 1536.25 1585 1633.75 1682.5 1731.25 1780 1828.75 1877.5 1926.25 1975 2023.75 2072.5 2121.25 2170 2218.75 2267.5 2316.25 2365 2413.75 2462.5 2511.25 2560 2608.75 2657.5 2706.25 2755 2803.75 2852.5 2901.25 2950 2998.75 3047.5 3096.25 3145 3193.75 3242.5 3291.25 3340 3388.75 3437.5 3486.25 3535 3583.75 3632.5 3681.25 3730 3778.75 3827.5 3876.25 3925 3973.75 4022.5 4071.25 4120 4168.75 4217.5 4266.25 4315 4363.75 4412.5 4461.25 4510 4558.75 4607.5 4656.25 4705 4753.75 4802.5 4851.25 4900 4948.75 4997.5 5046.25 5095 5143.75 5192.5 5241.25 5290 5338.75 5387.5 5436.25 5485 5533.75 5582.5 5631.25 5680 5728.75 5777.5 5826.25 5875 5923.75 5972.5 6021.25 6070 6118.75 6167.5 6216.25 6265 6313.75 6362.5 6411.25 6460 6508.75 6557.5 6606.25 6655 6703.75 6752.5 6801.25 6850 6898.75 6947.5 6996.25 7045 7093.75 7142.5 7191.25 7240 7288.75 7337.5 7386.25 7435 7483.75 7532.5 7581.25 7630 7678.75 7727.5 7776.25 7825 7873.75 7922.5 7971.25 8020 8068.75 8117.5 8166.25 8215 8263.75 8312.5 8361.25 8410 8458.75 8507.5 8556.25 8605 8653.75 8702.5 8751.25 8800 8848.75 8897.5 8946.25 8995 9043.75 9092.5 9141.25 9190 9238.75 9287.5 9336.25 9385 9433.75 9482.5 9531.25 9580 9628.75 9677.5 9726.25 9775 9823.75 9872.5 9921.25 9970 10018.75 10067.5 10116.25 10165 10213.75 10262.5 10311.25 10360 10408.75 10457.5 10506.25 10555 10603.75 10652.5 10701.25 10750 10798.75 10847.5 10896.25 10945 10993.75 11042.5 11091.25 11140 11188.75 11237.5 11286.25 11335 11383.75 11432.5 11481.25 11530 11578.75 11627.5 11676.25 11725 11773.75 11822.5 11871.25 11920 11968.75 12017.5 12066.25 12115 12163.75 12212.5 12261.25 12310 12358.75 12407.5 12456.25 12505 12553.75 12602.5 12651.25 12700 12748.75 12797.5 12846.25 12895 12943.75 12992.5 13041.25 13090 13138.75 13187.5 13236.25 13285 13333.75 13382.5 13431.25 13480 13528.75 13577.5 13626.25 13675 13723.75 13772.5 13821.25 13870 13918.75 13967.5 14016.25 14065 14113.75 14162.5 14211.25 14260 14308.75 14357.5 14406.25 14455 14503.75 14552.5 14601.25 14650 14698.75 14747.5 14796.25 14845 14893.75 14942.5 14991.25 15040 15088.75 15137.5 15186.25 15235 15283.75 15332.5 15381.25 15430 15478.75 15527.5 15576.25 15625 15673.75 15722.5 15771.25 15820 15868.75 15917.5 15966.25 16015 16063.75 16112.5 16161.25 16210 16258.75 16307.5 16356.25 16405 16453.75 16502.5 16551.25 16600 16648.75 16697.5 16746.25 16795 16843.75 16892.5 16941.25 16990 17038.75 17087.5 17136.25 17185 17233.75 17282.5 17331.25 17380 17428.75 17477.5 17526.25 17575 17623.75 17672.5 17721.25 17770 17818.75 17867.5 17916.25 17965 18013.75 18062.5 18111.25 18160 18208.75 18257.5 18306.25 18355 18403.75 18452.5 18501.25 18550 18598.75 18647.5 18696.25 18745 18793.75 18842.5 18891.25 18940 18988.75 19037.5 19086.25 19135 19183.75 19232.5 19281.25 19330 19378.75 19427.5 19476.25 19525 19573.75 19622.5 19671.25 19720 19768.75 19817.5 19866.25 19915 19963.75 20012.5 20061.25 20110 20158.75 20207.5 20256.25 20305 20353.75 20402.5 20451.25 20500 20548.75 20597.5 20646.25 20695 20743.75 20792.5 20841.25 20890 20938.75 20987.5 21036.25 21085 21133.75 21182.5 21231.25 21280 21328.75 21377.5 21426.25 21475 21523.75 21572.5 21621.25 21670 21718.75 21767.5 21816.25 21865 21913.75 21962.5 22011.25 22060 22108.75 22157.5 22206.25 22255 22303.75 22352.5 22401.25 22450 22498.75 22547.5 22596.25 22645 22693.75 22742.5 22791.25 22840 22888.75 22937.5 22986.25 23035 23083.75 23132.5 23181.25 23230 23278.75 23327.5 23376.25 23425 23473.75 23522.5 23571.25 23620 23668.75 23717.5 23766.25 23815 23863.75 23912.5 23961.25 24010 24058.75 24107.5 24156.25 24205 24253.75 24302.5 24351.25 24400 24448.75 24497.5 24546.25 24595 24643.75 24692.5 24741.25 24790 24838.75 24887.5 24936.25 24985 25033.75 25082.5 25131.25 25180 25228.75 25277.5 25326.25 25375 25423.75 25472.5 25521.25 25570 25618.75 25667.5 25716.25 25765 25813.75 25862.5 25911.25 25960 26008.75 26057.5 26106.25 26155 26203.75 26252.5 26301.25 26350 26398.75 26447.5 26496.25 26545 26593.75 26642.5 26691.25 26740 26788.75 26837.5 26886.25 26935 26983.75 27032.5 27081.25 27130 27178.75 27227.5 27276.25 27325 27373.75 27422.5 27471.25 27520 27568.75 27617.5 27666.25 27715 27763.75 27812.5 27861.25 27910 27958.75 28007.5 28056.25 28105 28153.75 28202.5 28251.25 28300 28348.75 28397.5 28446.25 28495 28543.75 28592.5 28641.25 28690 28738.75 28787.5 28836.25 28885 28933.75 28982.5 29031.25 29080 29128.75 29177.5 29226.25 29275 29323.75 29372.5 29421.25 29470 29518.75 29567.5 29616.25 29665 29713.75 29762.5 29811.25 29860 29908.75 29957.5 30006.25 30055 30103.75 30152.5 30201.25 30250 30298.75 30347.5 30396.25 30445 30493.75 30542.5 30591.25 30640 30688.75 30737.5 30786.25 30835 30883.75 30932.5 30981.25 31030 31078.75 31127.5 31176.25 31225 31273.75 31322.5 31371.25 31420 31468.75 31517.5 31566.25 31615 31663.75 31712.5 31761.25 31810 31858.75 31907.5 31956.25 32005 32053.75 32102.5 32151.25 32200 32248.75 32297.5 32346.25 32395 32443.75 32492.5 32541.25 32590 32638.75 32687.5 32736.25 32785 32833.75 32882.5 32931.25 32980 33028.75 33077.5 33126.25 33175 33223.75 33272.5 33321.25 33370 33418.75 33467.5 33516.25 33565 33613.75 33662.5 33711.25 33760 33808.75 33857.5 33906.25 33955 34003.75 34052.5 34101.25 34150 34198.75 34247.5 34296.25 34345 34393.75 34442.5 34491.25 34540 34588.75 34637.5 34686.25 34735 34783.75 34832.5 34881.25 34930 34978.75 35027.5 35076.25 35125 35173.75 35222.5 35271.25 35320 35368.75 35417.5 35466.25 35515 35563.75 35612.5 35661.25 35710 35758.75 35807.5 35856.25 35905 35953.75 36002.5 36051.25 36100 36148.75 36197.5 36246.25 36295 36343.75 36392.5 36441.25 36490 36538.75 36587.5 36636.25 36685 36733.75 36782.5 36831.25 36880 36928.75 36977.5 37026.25 37075 37123.75 37172.5 37221.25 37270 37318.75 37367.5 37416.25 37465 37513.75 37562.5 37611.25 37660 37708.75 37757.5 37806.25 37855 37903.75 37952.5 38001.25 38050 38098.75 38147.5 38196.25 38245 38293.75 38342.5 38391.25 38440 38488.75 38537.5 38586.25 38635 38683.75 38732.5 38781.25 38830 38878.75 38927.5 38976.25 39025 39073.75 39122.5 39171.25 39220 39268.75 39317.5 39366.25 39415 39463.75 39512.5 39561.25 39610 39658.75 39707.5 39756.25 39805 39853.75 39902.5 39951.25 40000 ]
 )
 ( "input"
   [ -9.664 -9.661 -9.656000000000001 -9.669000000000001 -9.667 -9.678000000000001 -9.683 -9.686 -9.683 -9.683 -9.689 -9.691000000000001 -9.691000000000001 -9.691000000000001 -9.696999999999999 -9.696999999999999 -9.702 -9.705 -9.708 -9.708 -9.711 -9.715999999999999 -9.724 -9.724 -9.727 -9.738 -9.744 -9.744 -9.746 -9.755000000000001 -9.76 -9.76 -9.763 -9.766 -9.766 -9.768000000000001 -9.768000000000001 -9.771000000000001 -9.771000000000001 -9.773999999999999 -9.779 -9.782 -9.785 -9.789999999999999 -9.795999999999999 -9.801 -9.807 -9.808999999999999 -9.815 -9.82 -9.826000000000001 -9.829000000000001 -9.834 -9.84 -9.842000000000001 -9.842000000000001 -9.842000000000001 -9.842000000000001 -9.842000000000001 -9.84 -9.84 -9.84 -9.837 -9.834 -9.834 -9.834 -9.834 -9.837 -9.837 -9.837 -9.837 -9.84 -9.842000000000001 -9.848000000000001 -9.851000000000001 -9.856 -9.862 -9.864000000000001 -9.867000000000001 -9.869999999999999 -9.875 -9.881 -9.884 -9.885999999999999 -9.888999999999999 -9.895 -9.897 -9.9 -9.903000000000001 -9.906000000000001 -9.908 -9.911 -9.914 -9.917 -9.919000000000001 -9.922000000000001 -9.928000000000001 -9.93 -9.93 -9.933 -9.936 -9.939 -9.944000000000001 -9.946999999999999 -9.949999999999999 -9.955 -9.958 -9.962999999999999 -9.965999999999999 -9.968999999999999 -9.972 -9.974 -9.98 -9.983000000000001 -9.984999999999999 -9.991 -9.996 -9.996 -9.999000000000001 -10.002 -10.005 -10.007 -10.01 -10.013 -10.015 -10.015 -10.021 -10.024 -10.026 -10.032 -10.035 -10.037 -10.04 -10.043 -10.051 -10.054 -10.059 -10.062 -10.062 -10.068 -10.07 -10.073 -10.076 -10.081 -10.084 -10.09 -10.092 -10.098 -10.101 -10.103 -10.103 -10.106 -10.106 -10.109 -10.114 -10.12 -10.123 -10.125 -10.128 -10.131 -10.134 -10.136 -10.139 -10.142 -10.145 -10.147 -10.15 -10.153 -10.156 -10.161 -10.164 -10.169 -10.172 -10.178 -10.18 -10.183 -10.189 -10.191 -10.194 -10.2 -10.202 -10.205 -10.211 -10.213 -10.219 -10.224 -10.227 -10.23 -10.232 -10.235 -10.238 -10.243 -10.246 -10.249 -10.252 -10.254 -10.257 -10.26 -10.263 -10.265 -10.268 -10.271 -10.274 -10.276 -10.279 -10.282 -10.285 -10.287 -10.293 -10.296 -10.298 -10.301 -10.304 -10.309 -10.312 -10.312 -10.315 -10.318 -10.32 -10.323 -10.326 -10.329 -10.331 -10.334 -10.337 -10.34 -10.34 -10.34 -10.342 -10.345 -10.348 -10.353 -10.356 -10.359 -10.362 -10.364 -10.367 -10.37 -10.373 -10.375 -10.375 -10.378 -10.384 -10.386 -10.392 -10.395 -10.397 -10.397 -10.4 -10.403 -10.406 -10.408 -10.411 -10.414 -10.417 -10.422 -10.425 -10.43 -10.433 -10.436 -10.438 -10.441 -10.441 -10.444 -10.447 -10.452 -10.455 -10.46 -10.463 -10.469 -10.471 -10.474 -10.48 -10.482 -10.488 -10.493 -10.496 -10.499 -10.502 -10.507 -10.51 -10.515 -10.521 -10.524 -10.526 -10.529 -10.532 -10.537 -10.543 -10.548 -10.551 -10.551 -10.551 -10.551 -10.557 -10.562 -10.565 -10.565 -10.565 -10.565 -10.565 -10.568 -10.57 -10.573 -10.573 -10.57 -10.568 -10.568 -10.573 -10.576 -10.579 -10.579 -10.579 -10.579 -10.579 -10.581 -10.584 -10.587 -10.587 -10.587 -10.587 -10.587 -10.59 -10.592 -10.595 -10.595 -10.595 -10.592 -10.595 -10.598 -10.601 -10.603 -10.606 -10.606 -10.609 -10.606 -10.609 -10.612 -10.614 -10.617 -10.617 -10.617 -10.62 -10.623 -10.628 -10.633 -10.636 -10.636 -10.639 -10.642 -10.644 -10.65 -10.653 -10.658 -10.661 -10.661 -10.664 -10.666 -10.672 -10.672 -10.675 -10.675 -10.677 -10.683 -10.688 -10.694 -10.699 -10.702 -10.705 -10.708 -10.713 -10.719 -10.724 -10.73 -10.735 -10.741 -10.746 -10.752 -10.76 -10.765 -10.768 -10.774 -10.776 -10.787 -10.793 -10.798 -10.807 -10.812 -10.815 -10.82 -10.823 -10.828 -10.834 -10.839 -10.842 -10.848 -10.85 -10.856 -10.861 -10.867 -10.87 -10.872 -10.875 -10.875 -10.878 -10.881 -10.883 -10.886 -10.889 -10.892 -10.894 -10.897 -10.903 -10.905 -10.908 -10.905 -10.903 -10.903 -10.903 -10.903 -10.905 -10.908 -10.911 -10.911 -10.908 -10.911 -10.914 -10.916 -10.916 -10.914 -10.911 -10.908 -10.908 -10.914 -10.916 -10.916 -10.919 -10.916 -10.916 -10.919 -10.919 -10.922 -10.922 -10.919 -10.919 -10.919 -10.925 -10.927 -10.93 -10.933 -10.933 -10.936 -10.936 -10.938 -10.941 -10.944 -10.947 -10.947 -10.949 -10.952 -10.955 -10.958 -10.96 -10.958 -10.958 -10.958 -10.96 -10.96 -10.963 -10.966 -10.969 -10.969 -10.974 -10.98 -10.985 -10.991 -10.993 -10.996 -10.999 -11.004 -11.007 -11.013 -11.018 -11.026 -11.032 -11.037 -11.043 -11.054 -11.062 -11.07 -11.076 -11.078 -11.084 -11.089 -11.098 -11.106 -11.111 -11.117 -11.122 -11.125 -11.131 -11.133 -11.136 -11.139 -11.142 -11.142 -11.147 -11.153 -11.161 -11.166 -11.172 -11.172 -11.172 -11.169 -11.172 -11.175 -11.172 -11.166 -11.164 -11.158 -11.158 -11.158 -11.158 -11.155 -11.15 -11.142 -11.133 -11.131 -11.131 -11.133 -11.133 -11.131 -11.128 -11.128 -11.136 -11.144 -11.153 -11.158 -11.161 -11.161 -11.164 -11.166 -11.172 -11.175 -11.175 -11.172 -11.172 -11.175 -11.177 -11.18 -11.183 -11.183 -11.18 -11.175 -11.172 -11.169 -11.169 -11.169 -11.166 -11.164 -11.161 -11.164 -11.164 -11.161 -11.161 -11.158 -11.155 -11.155 -11.158 -11.161 -11.166 -11.172 -11.172 -11.172 -11.172 -11.169 -11.172 -11.172 -11.172 -11.172 -11.172 -11.175 -11.183 -11.191 -11.197 -11.197 -11.194 -11.188 -11.186 -11.186 -11.186 -11.186 -11.183 -11.183 -11.186 -11.188 -11.191 -11.197 -11.197 -11.194 -11.186 -11.18 -11.177 -11.183 -11.186 -11.186 -11.186 -11.18 -11.18 -11.18 -11.186 -11.188 -11.188 -11.188 -11.186 -11.186 -11.191 -11.202 -11.208 -11.21 -11.205 -11.202 -11.202 -11.208 -11.216 -11.227 -11.23 -11.227 -11.224 -11.221 -11.224 -11.23 -11.232 -11.232 -11.227 -11.224 -11.224 -11.232 -11.241 -11.243 -11.241 -11.235 -11.23 -11.23 -11.235 -11.243 -11.251 -11.257 -11.254 -11.257 -11.26 -11.271 -11.282 -11.287 -11.29 -11.293 -11.295 -11.304 -11.32 -11.334 -11.345 -11.35 -11.35 -11.353 -11.356 -11.364 -11.375 -11.383 -11.386 -11.386 -11.383 -11.386 -11.392 -11.397 -11.4 -11.392 -11.383 -11.381 -11.378 -11.383 -11.389 -11.392 -11.389 -11.383 -11.378 -11.378 -11.381 -11.386 -11.389 -11.383 -11.375 -11.372 -11.372 -11.378 -11.386 -11.392 -11.392 -11.386 -11.383 -11.386 -11.392 -11.397 -11.4 -11.397 -11.392 -11.392 -11.4 -11.416 -11.43 -11.441 -11.444 -11.444 -11.444 -11.447 -11.455 -11.466 -11.471 -11.471 -11.474 -11.479 -11.488 -11.501 -11.512 -11.515 -11.515 -11.51 -11.507 -11.51 -11.518 -11.526 -11.534 -11.537 -11.537 -11.537 -11.54 -11.545 -11.548 -11.551 -11.548 -11.545 -11.545 -11.548 -11.554 -11.562 -11.57 -11.573 -11.57 -11.57 -11.573 -11.576 -11.584 -11.587 -11.592 -11.595 -11.595 -11.598 -11.603 -11.606 -11.609 -11.609 -11.606 -11.606 -11.603 -11.606 -11.606 -11.606 -11.606 -11.609 -11.611 -11.609 -11.611 -11.614 -11.62 -11.628 -11.642 -11.65 -11.655 -11.658 -11.655 -11.658 -11.661 -11.666 -11.674 -11.677 -11.677 -11.672 -11.669 -11.669 -11.672 -11.669 -11.663 -11.653 -11.644 -11.644 -11.653 -11.647 -11.636 -11.642 -11.65 -11.633 -11.62 ]
 )
 ( "output"
   [ -18.906 -18.928 -18.934 -18.959 -18.97 -18.992 -19.011 -19.025 -19.033 -19.047 -19.063 -19.077 -19.088 -19.101 -19.115 -19.129 -19.143 -19.156 -19.17 -19.181 -19.192 -19.206 -19.222 -19.236 -19.247 -19.266 -19.283 -19.291 -19.305 -19.321 -19.335 -19.343 -19.354 -19.365 -19.373 -19.384 -19.395 -19.404 -19.415 -19.426 -19.439 -19.45 -19.461 -19.472 -19.486 -19.5 -19.511 -19.524 -19.538 -19.552 -19.566 -19.577 -19.588 -19.599 -19.61 -19.618 -19.626 -19.632 -19.64 -19.645 -19.651 -19.656 -19.662 -19.667 -19.676 -19.681 -19.689 -19.695 -19.703 -19.714 -19.722 -19.73 -19.739 -19.75 -19.761 -19.772 -19.783 -19.794 -19.805 -19.816 -19.827 -19.838 -19.849 -19.86 -19.868 -19.879 -19.887 -19.898 -19.906 -19.914 -19.923 -19.931 -19.939 -19.947 -19.958 -19.969 -19.98 -19.989 -19.994 -20.002 -20.013 -20.024 -20.033 -20.041 -20.046 -20.055 -20.066 -20.077 -20.088 -20.099 -20.107 -20.115 -20.123 -20.131 -20.142 -20.153 -20.162 -20.167 -20.173 -20.181 -20.189 -20.2 -20.211 -20.222 -20.23 -20.236 -20.244 -20.252 -20.263 -20.272 -20.28 -20.285 -20.294 -20.302 -20.313 -20.326 -20.337 -20.343 -20.351 -20.357 -20.362 -20.37 -20.379 -20.387 -20.392 -20.401 -20.409 -20.42 -20.425 -20.434 -20.442 -20.45 -20.456 -20.464 -20.472 -20.48 -20.489 -20.497 -20.505 -20.513 -20.519 -20.527 -20.532 -20.538 -20.546 -20.554 -20.563 -20.571 -20.576 -20.585 -20.593 -20.604 -20.612 -20.62 -20.626 -20.634 -20.64 -20.648 -20.656 -20.664 -20.673 -20.681 -20.686 -20.697 -20.706 -20.714 -20.722 -20.73 -20.738 -20.747 -20.755 -20.763 -20.771 -20.78 -20.785 -20.793 -20.804 -20.813 -20.824 -20.829 -20.837 -20.843 -20.851 -20.859 -20.868 -20.876 -20.884 -20.89 -20.898 -20.909 -20.917 -20.928 -20.934 -20.939 -20.942 -20.947 -20.955 -20.964 -20.972 -20.98 -20.986 -20.988 -20.994 -21.002 -21.008 -21.013 -21.013 -21.016 -21.021 -21.027 -21.035 -21.046 -21.054 -21.06 -21.065 -21.071 -21.076 -21.082 -21.087 -21.096 -21.101 -21.109 -21.115 -21.123 -21.131 -21.14 -21.145 -21.15 -21.156 -21.161 -21.164 -21.167 -21.175 -21.181 -21.189 -21.197 -21.205 -21.214 -21.219 -21.227 -21.233 -21.241 -21.247 -21.255 -21.26 -21.266 -21.271 -21.282 -21.293 -21.302 -21.31 -21.315 -21.321 -21.326 -21.332 -21.34 -21.348 -21.356 -21.362 -21.37 -21.378 -21.387 -21.395 -21.403 -21.411 -21.417 -21.42 -21.425 -21.433 -21.442 -21.45 -21.458 -21.466 -21.475 -21.48 -21.488 -21.494 -21.502 -21.51 -21.516 -21.521 -21.527 -21.535 -21.543 -21.552 -21.56 -21.568 -21.573 -21.576 -21.579 -21.584 -21.59 -21.601 -21.606 -21.615 -21.62 -21.626 -21.631 -21.639 -21.648 -21.653 -21.653 -21.659 -21.661 -21.67 -21.678 -21.683 -21.689 -21.694 -21.697 -21.703 -21.708 -21.714 -21.722 -21.725 -21.73 -21.736 -21.744 -21.752 -21.76 -21.766 -21.771 -21.779 -21.788 -21.799 -21.81 -21.815 -21.821 -21.823 -21.832 -21.84 -21.854 -21.862 -21.873 -21.878 -21.887 -21.892 -21.898 -21.909 -21.914 -21.914 -21.914 -21.917 -21.925 -21.936 -21.947 -21.958 -21.961 -21.963 -21.969 -21.974 -21.983 -21.994 -22.005 -22.013 -22.021 -22.027 -22.038 -22.051 -22.062 -22.073 -22.082 -22.087 -22.095 -22.104 -22.115 -22.128 -22.142 -22.153 -22.164 -22.172 -22.178 -22.189 -22.2 -22.211 -22.219 -22.227 -22.233 -22.241 -22.249 -22.257 -22.271 -22.279 -22.285 -22.288 -22.29 -22.296 -22.301 -22.31 -22.318 -22.321 -22.326 -22.329 -22.334 -22.343 -22.348 -22.351 -22.354 -22.354 -22.354 -22.356 -22.359 -22.365 -22.367 -22.37 -22.373 -22.376 -22.378 -22.384 -22.386 -22.386 -22.392 -22.397 -22.403 -22.411 -22.414 -22.417 -22.419 -22.425 -22.43 -22.436 -22.441 -22.444 -22.45 -22.455 -22.466 -22.477 -22.488 -22.496 -22.499 -22.502 -22.505 -22.513 -22.524 -22.532 -22.54 -22.543 -22.549 -22.554 -22.565 -22.573 -22.579 -22.582 -22.582 -22.582 -22.584 -22.59 -22.598 -22.603 -22.606 -22.609 -22.614 -22.62 -22.628 -22.636 -22.645 -22.65 -22.656 -22.661 -22.669 -22.678 -22.686 -22.697 -22.705 -22.716 -22.724 -22.733 -22.744 -22.757 -22.768 -22.779 -22.788 -22.796 -22.807 -22.815 -22.829 -22.84 -22.853 -22.864 -22.875 -22.884 -22.895 -22.906 -22.914 -22.922 -22.93 -22.939 -22.947 -22.952 -22.963 -22.972 -22.983 -22.988 -22.996 -23.004 -23.013 -23.018 -23.024 -23.026 -23.032 -23.037 -23.04 -23.046 -23.048 -23.051 -23.054 -23.057 -23.059 -23.062 -23.065 -23.065 -23.068 -23.073 -23.081 -23.092 -23.101 -23.106 -23.112 -23.117 -23.123 -23.128 -23.131 -23.131 -23.131 -23.131 -23.136 -23.147 -23.158 -23.169 -23.172 -23.175 -23.172 -23.175 -23.183 -23.189 -23.197 -23.202 -23.205 -23.21 -23.216 -23.224 -23.232 -23.235 -23.23 -23.224 -23.221 -23.227 -23.243 -23.26 -23.274 -23.279 -23.282 -23.279 -23.279 -23.282 -23.285 -23.287 -23.29 -23.29 -23.296 -23.307 -23.323 -23.337 -23.342 -23.34 -23.326 -23.315 -23.309 -23.312 -23.32 -23.329 -23.334 -23.34 -23.345 -23.353 -23.364 -23.373 -23.375 -23.37 -23.362 -23.356 -23.356 -23.37 -23.384 -23.389 -23.389 -23.386 -23.384 -23.395 -23.408 -23.419 -23.427 -23.43 -23.433 -23.438 -23.452 -23.471 -23.482 -23.485 -23.485 -23.482 -23.491 -23.51 -23.529 -23.543 -23.546 -23.54 -23.54 -23.546 -23.559 -23.573 -23.584 -23.587 -23.59 -23.595 -23.609 -23.628 -23.644 -23.65 -23.644 -23.639 -23.642 -23.655 -23.675 -23.691 -23.699 -23.699 -23.697 -23.699 -23.708 -23.716 -23.724 -23.73 -23.727 -23.727 -23.732 -23.746 -23.76 -23.771 -23.776 -23.774 -23.774 -23.776 -23.782 -23.79 -23.798 -23.801 -23.804 -23.804 -23.807 -23.812 -23.818 -23.826 -23.828 -23.828 -23.828 -23.828 -23.831 -23.837 -23.839 -23.845 -23.845 -23.845 -23.848 -23.85 -23.853 -23.856 -23.859 -23.859 -23.856 -23.856 -23.859 -23.861 -23.864 -23.867 -23.867 -23.867 -23.864 -23.864 -23.864 -23.864 -23.864 -23.864 -23.867 -23.867 -23.87 -23.872 -23.875 -23.878 -23.883 -23.892 -23.897 -23.905 -23.911 -23.916 -23.922 -23.927 -23.936 -23.944 -23.952 -23.955 -23.96 -23.969 -23.98 -23.996 -24.007 -24.01 -24.01 -24.013 -24.015 -24.024 -24.032 -24.04 -24.048 -24.051 -24.056 -24.065 -24.076 -24.087 -24.089 -24.089 -24.089 -24.092 -24.106 -24.122 -24.136 -24.147 -24.155 -24.161 -24.169 -24.18 -24.194 -24.205 -24.213 -24.219 -24.224 -24.235 -24.246 -24.251 -24.26 -24.26 -24.26 -24.26 -24.26 -24.26 -24.26 -24.26 -24.262 -24.265 -24.265 -24.265 -24.268 -24.273 -24.279 -24.29 -24.301 -24.306 -24.306 -24.301 -24.298 -24.293 -24.293 -24.295 -24.295 -24.295 -24.287 -24.282 -24.276 -24.271 -24.265 -24.26 -24.254 -24.249 -24.24 -24.249 -24.26 -24.26 -24.262 -24.284 -24.32 -24.337 ]
 )
 ( "CL"
   [ 9.241999999999999 9.267000000000001 9.278000000000001 9.289999999999999 9.302999999999999 9.314 9.327999999999999 9.338999999999999 9.350000000000001 9.364000000000001 9.373999999999999 9.386000000000001 9.397 9.409999999999998 9.417999999999999 9.432000000000002 9.441000000000001 9.450999999999999 9.462000000000002 9.473000000000001 9.481 9.49 9.498000000000001 9.512000000000001 9.52 9.527999999999999 9.539000000000002 9.547000000000001 9.558999999999999 9.566000000000001 9.575000000000001 9.583 9.590999999999999 9.598999999999998 9.607000000000001 9.616 9.626999999999999 9.632999999999999 9.643999999999998 9.651999999999999 9.66 9.667999999999999 9.675999999999998 9.682000000000002 9.690000000000001 9.699 9.703999999999999 9.715000000000002 9.723000000000001 9.731999999999999 9.739999999999998 9.748000000000001 9.754000000000001 9.759 9.767999999999999 9.775999999999998 9.784000000000001 9.790000000000001 9.798 9.805 9.811 9.815999999999999 9.824999999999999 9.833000000000002 9.841999999999999 9.847000000000001 9.855 9.858000000000001 9.866 9.876999999999999 9.885000000000002 9.890000000000001 9.897 9.901999999999999 9.909999999999998 9.915999999999999 9.921000000000001 9.93 9.937999999999999 9.946 9.952000000000002 9.957000000000001 9.965 9.974 9.978999999999999 9.984000000000002 9.99 9.997999999999999 10.003 10.008 10.015 10.02 10.025 10.03 10.039 10.047 10.052 10.059 10.064 10.069 10.077 10.085 10.089 10.094 10.096 10.1 10.108 10.114 10.122 10.13 10.135 10.141 10.143 10.148 10.157 10.162 10.166 10.171 10.174 10.179 10.184 10.193 10.201 10.209 10.215 10.221 10.223 10.228 10.237 10.24 10.245 10.248 10.254 10.259 10.262 10.272 10.278 10.281 10.289 10.289 10.292 10.297 10.303 10.306 10.308 10.311 10.317 10.322 10.324 10.331 10.339 10.344 10.35 10.355 10.358 10.36 10.366 10.372 10.377 10.382 10.385 10.391 10.393 10.396 10.401 10.407 10.413 10.418 10.42 10.424 10.429 10.435 10.44 10.442 10.446 10.451 10.451 10.457 10.462 10.464 10.471 10.476 10.475 10.484 10.487 10.49 10.495 10.5 10.506 10.512 10.517 10.52 10.525 10.531 10.533 10.539 10.547 10.553 10.561 10.564 10.569 10.572 10.577 10.583 10.589 10.594 10.599 10.603 10.605 10.613 10.619 10.627 10.63 10.63 10.63 10.635 10.64 10.646 10.652 10.657 10.66 10.659 10.663 10.668 10.671 10.673 10.673 10.676 10.679 10.682 10.687 10.693 10.698 10.701 10.703 10.707 10.709 10.712 10.714 10.721 10.726 10.731 10.731 10.737 10.739 10.745 10.748 10.753 10.756 10.758 10.758 10.759 10.764 10.767 10.772 10.775 10.78 10.784 10.786 10.791 10.795 10.8 10.806 10.811 10.813 10.814 10.816 10.822 10.83 10.833 10.839 10.841 10.841 10.844 10.844 10.847 10.852 10.857 10.86 10.863 10.868 10.872 10.874 10.879 10.885 10.888 10.888 10.888 10.89 10.894 10.899 10.907 10.915 10.924 10.923 10.926 10.929 10.937 10.945 10.951 10.956 10.959 10.965 10.97 10.979 10.99 11 11.005 11.003 11.003 11.005 11.011 11.022 11.027 11.036 11.039 11.042 11.044 11.052 11.061 11.066 11.066 11.069 11.069 11.075 11.083 11.088 11.097 11.099 11.099 11.102 11.105 11.108 11.116 11.116 11.124 11.127 11.132 11.138 11.143 11.149 11.154 11.159 11.165 11.171 11.177 11.179 11.185 11.184 11.19 11.196 11.204 11.209 11.215 11.217 11.226 11.228 11.232 11.237 11.242 11.239 11.239 11.24 11.242 11.248 11.253 11.259 11.259 11.258 11.261 11.261 11.264 11.27 11.275 11.278 11.28 11.281 11.286 11.291 11.297 11.305 11.308 11.311 11.308 11.311 11.317 11.321 11.33 11.338 11.344 11.349 11.35 11.355 11.361 11.369 11.371 11.377 11.377 11.38 11.382 11.387 11.399 11.404 11.41 11.41 11.409 11.413 11.415 11.421 11.426 11.427 11.429 11.426 11.429 11.435 11.443 11.448 11.451 11.451 11.451 11.451 11.451 11.454 11.456 11.462 11.462 11.462 11.462 11.468 11.472 11.475 11.484 11.489 11.489 11.495 11.498 11.498 11.503 11.509 11.511 11.517 11.519 11.522 11.531 11.536 11.547 11.552 11.561 11.566 11.566 11.569 11.569 11.577 11.586 11.591 11.596 11.596 11.602 11.605 11.613 11.618 11.621 11.622 11.624 11.624 11.626 11.63 11.638 11.64 11.64 11.64 11.645 11.646 11.648 11.651 11.654 11.657 11.66 11.662 11.665 11.671 11.673 11.679 11.679 11.684 11.687 11.69 11.69 11.695 11.698 11.703 11.71 11.712 11.718 11.717 11.723 11.729 11.736 11.742 11.75 11.753 11.762 11.77 11.775 11.78 11.788 11.792 11.794 11.791 11.797 11.8 11.811 11.816 11.827 11.832 11.838 11.846 11.858 11.862 11.874 11.879 11.882 11.888 11.893 11.901 11.912 11.924 11.928 11.931 11.932 11.932 11.937 11.945 11.953 11.956 11.957 11.953 11.954 11.956 11.962 11.964 11.965 11.959 11.956 11.956 11.964 11.975 11.983 11.992 11.992 11.992 11.989 11.995 12.008 12.017 12.028 12.033 12.036 12.044 12.052 12.063 12.068 12.071 12.069 12.063 12.063 12.072 12.088 12.102 12.113 12.113 12.11 12.107 12.107 12.11 12.116 12.115 12.118 12.118 12.124 12.135 12.148 12.154 12.151 12.143 12.129 12.121 12.121 12.126 12.134 12.143 12.148 12.157 12.162 12.167 12.176 12.182 12.178 12.173 12.168 12.17 12.176 12.193 12.201 12.203 12.203 12.2 12.204 12.215 12.228 12.233 12.239 12.242 12.245 12.252 12.266 12.28 12.28 12.277 12.275 12.277 12.289 12.308 12.321 12.327 12.319 12.31 12.313 12.322 12.338 12.349 12.354 12.355 12.358 12.368 12.385 12.404 12.412 12.409 12.401 12.398 12.407 12.425 12.445 12.456 12.456 12.448 12.44 12.445 12.451 12.456 12.453 12.448 12.44 12.437 12.439 12.451 12.456 12.451 12.442 12.429 12.424 12.426 12.429 12.434 12.434 12.426 12.421 12.418 12.421 12.429 12.432 12.434 12.431 12.428 12.436 12.445 12.45 12.459 12.456 12.456 12.453 12.456 12.465 12.472 12.475 12.475 12.473 12.47 12.473 12.481 12.487 12.489 12.486 12.481 12.475 12.475 12.478 12.481 12.478 12.472 12.467 12.464 12.47 12.475 12.478 12.472 12.459 12.448 12.442 12.448 12.453 12.461 12.464 12.461 12.456 12.456 12.465 12.47 12.473 12.467 12.459 12.457 12.465 12.481 12.497 12.503 12.5 12.495 12.489 12.49 12.495 12.503 12.511 12.511 12.511 12.517 12.525 12.539 12.544 12.544 12.541 12.538 12.544 12.552 12.563 12.577 12.585 12.588 12.593 12.596 12.607 12.613 12.618 12.624 12.626 12.632 12.64 12.642 12.651 12.654 12.654 12.657 12.654 12.654 12.654 12.654 12.653 12.654 12.656 12.654 12.654 12.653 12.651 12.648 12.651 12.651 12.648 12.646 12.64 12.632 12.627 12.621 12.618 12.618 12.615 12.613 12.607 12.599 12.596 12.597 12.601 12.605 12.596 12.596 12.613 12.624 12.62 12.634 12.687 12.717 ]
 )
)
