(schema
 (numFields 6)
 (fieldName "DetectorSN"
  (type Text)
 )
 (fieldName "DetectorModel"
  (type Text)
 )
 (fieldName "Technician"
  (type Text)
 )
 (fieldName "Date"
  (type Real64)
 )
 (fieldName "InRec"
  (type Record)
  (schema
   (numFields 2)
   (fieldName "Scalar"
	(type Record)
	(schema
	 (numFields 3)
	 (fieldName "Freq"
	  (type Real64)
	  (numDims 1)
	  (size 801)
	 )
	 (fieldName "dBm"
	  (type Real64)
	  (numDims 1)
	  (size 801)
	 )
	 (fieldName "error"
	  (type Real64)
	  (numDims 1)
	  (size 801)
	 )
	)
   )
   (fieldName "Meter"
	(type Record)
	(schema
	 (numFields 2)
	 (fieldName "Freq"
	  (type Real64)
	  (numDims 1)
	  (size 201)
	 )
	 (fieldName "dBm"
	  (type Real64)
	  (numDims 1)
	  (size 201)
	 )
	)
   )
  )
 )
 (fieldName "OutRec"
  (type Record)
  (schema
   (numFields 2)
   (fieldName "Scalar"
	(type Record)
	(schema
	 (numFields 3)
	 (fieldName "Freq"
	  (type Real64)
	  (numDims 1)
	  (size 801)
	 )
	 (fieldName "dBm"
	  (type Real64)
	  (numDims 1)
	  (size 801)
	 )
	 (fieldName "error"
	  (type Real64)
	  (numDims 1)
	  (size 801)
	 )
	)
   )
   (fieldName "Meter"
	(type Record)
	(schema
	 (numFields 2)
	 (fieldName "Freq"
	  (type Real64)
	  (numDims 1)
	  (size 201)
	 )
	 (fieldName "dBm"
	  (type Real64)
	  (numDims 1)
	  (size 201)
	 )
	)
   )
  )
 )
)

(record
 ( "DetectorSN" "SN1234")
 ( "DetectorModel" "ModelABCDE")
 ( "Technician" "sapplen")
 ( "Date" 63866267072.129)
 ( "InRec"
  (record
   ( "Scalar"
	(record
	 ( "Freq"
	   [ 4480 4488.9 4497.8 4506.7 4515.6 4524.5 4533.4 4542.3 4551.2 4560.1 4569 4577.9 4586.8 4595.7 4604.6 4613.5 4622.4 4631.3 4640.2 4649.1 4658 4666.9 4675.8 4684.7 4693.6 4702.5 4711.4 4720.3 4729.2 4738.1 4747 4755.9 4764.8 4773.7 4782.6 4791.5 4800.4 4809.3 4818.2 4827.1 4836 4844.9 4853.8 4862.7 4871.6 4880.5 4889.4 4898.3 4907.2 4916.1 4925 4933.9 4942.8 4951.7 4960.6 4969.5 4978.4 4987.3 4996.2 5005.1 5014 5022.9 5031.8 5040.7 5049.6 5058.5 5067.4 5076.3 5085.2 5094.1 5103 5111.9 5120.8 5129.7 5138.6 5147.5 5156.4 5165.3 5174.2 5183.1 5192 5200.9 5209.8 5218.7 5227.6 5236.5 5245.4 5254.3 5263.2 5272.1 5281 5289.9 5298.8 5307.7 5316.6 5325.5 5334.4 5343.3 5352.2 5361.1 5370 5378.9 5387.8 5396.7 5405.6 5414.5 5423.4 5432.3 5441.2 5450.1 5459 5467.9 5476.8 5485.7 5494.6 5503.5 5512.4 5521.3 5530.2 5539.1 5548 5556.9 5565.8 5574.7 5583.6 5592.5 5601.4 5610.3 5619.2 5628.1 5637 5645.9 5654.8 5663.7 5672.6 5681.5 5690.4 5699.3 5708.2 5717.1 5726 5734.9 5743.8 5752.7 5761.6 5770.5 5779.4 5788.3 5797.2 5806.1 5815 5823.9 5832.8 5841.7 5850.6 5859.5 5868.4 5877.3 5886.2 5895.1 5904 5912.9 5921.8 5930.7 5939.6 5948.5 5957.4 5966.3 5975.2 5984.1 5993 6001.9 6010.8 6019.7 6028.6 6037.5 6046.4 6055.3 6064.2 6073.1 6082 6090.9 6099.8 6108.7 6117.6 6126.5 6135.4 6144.3 6153.2 6162.1 6171 6179.9 6188.8 6197.7 6206.6 6215.5 6224.4 6233.3 6242.2 6251.1 6260 6268.9 6277.8 6286.7 6295.6 6304.5 6313.4 6322.3 6331.2 6340.1 6349 6357.9 6366.8 6375.7 6384.6 6393.5 6402.4 6411.3 6420.2 6429.1 6438 6446.9 6455.8 6464.7 6473.6 6482.5 6491.4 6500.3 6509.2 6518.1 6527 6535.9 6544.8 6553.700000000001 6562.6 6571.5 6580.4 6589.3 6598.200000000001 6607.1 6616 6624.9 6633.8 6642.700000000001 6651.6 6660.5 6669.4 6678.3 6687.200000000001 6696.1 6705 6713.9 6722.8 6731.700000000001 6740.6 6749.5 6758.4 6767.3 6776.200000000001 6785.1 6794 6802.9 6811.8 6820.700000000001 6829.6 6838.5 6847.4 6856.3 6865.200000000001 6874.1 6883 6891.9 6900.8 6909.700000000001 6918.6 6927.5 6936.4 6945.3 6954.200000000001 6963.1 6972 6980.9 6989.8 6998.700000000001 7007.6 7016.5 7025.4 7034.3 7043.200000000001 7052.1 7061 7069.9 7078.8 7087.700000000001 7096.6 7105.5 7114.4 7123.3 7132.200000000001 7141.1 7150 7158.9 7167.8 7176.700000000001 7185.6 7194.5 7203.4 7212.3 7221.200000000001 7230.1 7239 7247.9 7256.8 7265.700000000001 7274.6 7283.5 7292.4 7301.3 7310.200000000001 7319.1 7328 7336.9 7345.8 7354.700000000001 7363.6 7372.5 7381.4 7390.3 7399.200000000001 7408.1 7417 7425.9 7434.8 7443.700000000001 7452.6 7461.5 7470.4 7479.3 7488.200000000001 7497.1 7506 7514.9 7523.8 7532.700000000001 7541.6 7550.5 7559.4 7568.3 7577.200000000001 7586.1 7595 7603.9 7612.8 7621.700000000001 7630.6 7639.5 7648.4 7657.3 7666.200000000001 7675.1 7684 7692.9 7701.8 7710.700000000001 7719.6 7728.5 7737.4 7746.3 7755.200000000001 7764.1 7773 7781.9 7790.8 7799.700000000001 7808.6 7817.5 7826.4 7835.3 7844.200000000001 7853.1 7862 7870.9 7879.8 7888.700000000001 7897.6 7906.5 7915.4 7924.3 7933.200000000001 7942.1 7951 7959.9 7968.8 7977.700000000001 7986.6 7995.5 8004.4 8013.3 8022.200000000001 8031.1 8040 8048.9 8057.8 8066.700000000001 8075.6 8084.5 8093.4 8102.3 8111.200000000001 8120.1 8129 8137.9 8146.8 8155.700000000001 8164.6 8173.5 8182.4 8191.3 8200.200000000001 8209.1 8218 8226.9 8235.799999999999 8244.700000000001 8253.6 8262.5 8271.4 8280.299999999999 8289.200000000001 8298.1 8307 8315.9 8324.799999999999 8333.700000000001 8342.6 8351.5 8360.4 8369.299999999999 8378.200000000001 8387.1 8396 8404.9 8413.799999999999 8422.700000000001 8431.6 8440.5 8449.4 8458.299999999999 8467.200000000001 8476.1 8485 8493.9 8502.799999999999 8511.700000000001 8520.6 8529.5 8538.4 8547.299999999999 8556.200000000001 8565.1 8574 8582.900000000002 8591.799999999999 8600.700000000001 8609.6 8618.5 8627.400000000002 8636.299999999999 8645.200000000001 8654.1 8663 8671.900000000002 8680.799999999999 8689.700000000001 8698.6 8707.5 8716.400000000002 8725.299999999999 8734.200000000001 8743.1 8752 8760.900000000002 8769.799999999999 8778.700000000001 8787.6 8796.5 8805.400000000002 8814.299999999999 8823.200000000001 8832.1 8841 8849.900000000002 8858.799999999999 8867.700000000001 8876.6 8885.5 8894.400000000002 8903.299999999999 8912.200000000001 8921.1 8930 8938.900000000002 8947.799999999999 8956.700000000001 8965.6 8974.5 8983.400000000002 8992.299999999999 9001.200000000001 9010.1 9019 9027.900000000002 9036.799999999999 9045.700000000001 9054.6 9063.5 9072.400000000002 9081.299999999999 9090.200000000001 9099.1 9108 9116.900000000002 9125.799999999999 9134.700000000001 9143.6 9152.5 9161.400000000002 9170.299999999999 9179.200000000001 9188.1 9197 9205.900000000002 9214.799999999999 9223.700000000001 9232.6 9241.5 9250.400000000002 9259.299999999999 9268.200000000001 9277.1 9286 9294.900000000002 9303.799999999999 9312.700000000001 9321.6 9330.5 9339.400000000002 9348.299999999999 9357.200000000001 9366.1 9375 9383.900000000002 9392.799999999999 9401.700000000001 9410.6 9419.5 9428.400000000002 9437.299999999999 9446.200000000001 9455.1 9464 9472.900000000002 9481.799999999999 9490.700000000001 9499.6 9508.5 9517.400000000002 9526.299999999999 9535.200000000001 9544.1 9553 9561.900000000002 9570.799999999999 9579.700000000001 9588.6 9597.5 9606.400000000002 9615.299999999999 9624.200000000001 9633.1 9642 9650.900000000002 9659.799999999999 9668.700000000001 9677.6 9686.5 9695.400000000002 9704.299999999999 9713.200000000001 9722.1 9731 9739.900000000002 9748.799999999999 9757.700000000001 9766.6 9775.5 9784.400000000002 9793.299999999999 9802.200000000001 9811.1 9820 9828.900000000002 9837.799999999999 9846.700000000001 9855.6 9864.5 9873.400000000002 9882.299999999999 9891.200000000001 9900.1 9909 9917.900000000002 9926.799999999999 9935.700000000001 9944.6 9953.5 9962.400000000002 9971.299999999999 9980.200000000001 9989.1 9998 10006.9 10015.8 10024.7 10033.6 10042.5 10051.4 10060.3 10069.2 10078.1 10087 10095.9 10104.8 10113.7 10122.6 10131.5 10140.4 10149.3 10158.2 10167.1 10176 10184.9 10193.8 10202.7 10211.6 10220.5 10229.4 10238.3 10247.2 10256.1 10265 10273.9 10282.8 10291.7 10300.6 10309.5 10318.4 10327.3 10336.2 10345.1 10354 10362.9 10371.8 10380.7 10389.6 10398.5 10407.4 10416.3 10425.2 10434.1 10443 10451.9 10460.8 10469.7 10478.6 10487.5 10496.4 10505.3 10514.2 10523.1 10532 10540.9 10549.8 10558.7 10567.6 10576.5 10585.4 10594.3 10603.2 10612.1 10621 10629.9 10638.8 10647.7 10656.6 10665.5 10674.4 10683.3 10692.2 10701.1 10710 10718.9 10727.8 10736.7 10745.6 10754.5 10763.4 10772.3 10781.2 10790.1 10799 10807.9 10816.8 10825.7 10834.6 10843.5 10852.4 10861.3 10870.2 10879.1 10888 10896.9 10905.8 10914.7 10923.6 10932.5 10941.4 10950.3 10959.2 10968.1 10977 10985.9 10994.8 11003.7 11012.6 11021.5 11030.4 11039.3 11048.2 11057.1 11066 11074.9 11083.8 11092.7 11101.6 11110.5 11119.4 11128.3 11137.2 11146.1 11155 11163.9 11172.8 11181.7 11190.6 11199.5 11208.4 11217.3 11226.2 11235.1 11244 11252.9 11261.8 11270.7 11279.6 11288.5 11297.4 11306.3 11315.2 11324.1 11333 11341.9 11350.8 11359.7 11368.6 11377.5 11386.4 11395.3 11404.2 11413.1 11422 11430.9 11439.8 11448.7 11457.6 11466.5 11475.4 11484.3 11493.2 11502.1 11511 11519.9 11528.8 11537.7 11546.6 11555.5 11564.4 11573.3 11582.2 11591.1 11600 ]
	 )
	 ( "dBm"
	   [ 5.053725357613879 7.948541814836666 8.995510603021392 7.942379670440464 5.027188070146649 0.9245200467059588 -3.410583573790937 -6.964943026641091 -8.904034857068938 -8.767922256678155 -6.580321220351912 -2.844945577434888 1.570455103330448 5.635673892264693 8.398415620039032 9.207373546767427 7.8657581197366 4.679090737607861 0.3856724176209175 -4.014459045159375 -7.492460126175764 -9.231246285867767 -8.817441526078003 -6.339621744917087 -2.369510596878793 2.169919787844178 6.219017770555205 8.828809579781007 9.383403788247509 7.745320265360174 4.289454916076402 -0.1826854238828984 -4.628865633543217 -8.009015135000304 -9.528524915427651 -8.825036065654576 -6.054813579098057 -1.858125637933743 2.788723482500257 6.800514975181035 9.236555987358955 9.521250901572831 7.580085403655209 3.858901697461796 -0.7784737928609519 -5.250750526935953 -8.511296519942633 -9.793076656014911 -8.789085236077534 -5.725831368446984 -1.31229833755403 3.424136685820893 7.376852323841762 9.618534007037004 9.618718506237498 7.369298059863314 3.388295874681739 -1.399407926936543 -5.876942562893637 -8.995988952558855 -10.0222191876993 -8.708169659856658 -5.35285343857467 -0.7337653665945574 4.073269200463935 7.944662009143726 9.971687162675714 9.673778608634452 7.112435820799231 2.878745425880149 -2.043006735994306 -6.504167168824907 -9.459790945082078 -10.21339816297813 -8.581082194287173 -4.936304964190776 -0.1244870467279327 4.733082813988366 8.500538612285476 10.29304070241928 9.684585250580748 6.809216067428494 2.331599748785583 -2.706602658952899 -7.129062007275065 -9.899432623996916 -10.36420294711449 -8.40683795010086 -4.476859914989408 0.5133592384112803 5.400404885696689 9.041056510811456 10.57971875287397 9.649487391710386 6.459601564742623 1.748446643131354 -3.387352588644152 -7.748193255306644 -10.31169355499427 -10.47238181477198 -8.184683298280884 -3.975441758208104 1.177386815936084 6.071942780638501 9.562787598296143 10.82896117665125 9.567040955759964 6.063804871507065 1.131108045031204 -4.082249820495682 -8.358072443613407 -10.69342053225068 -10.53585652358249 -7.914103811959045 -3.433222903489123 1.865008652547654 6.744299087439091 10.06231923180449 11.03814004798954 9.436019974294823 5.622291537820227 0.4816345231558009 -4.788136975531257 -8.955173777799288 -11.0415452445633 -10.55273618772094 -7.594831095017942 -2.851622881540515 2.573447406116364 7.413987552457483 10.53627232133641 11.2047756624148 9.255426765271578 5.135782063966251 -0.1977014474770251 -5.501719843254321 -9.535951861492869 -11.35310173086693 -10.52133037736494 -7.226848453971848 -2.232305254064728 3.29974656103105 8.077449658920749 10.98131947417325 11.32655199803518 9.024501087969266 4.605252599758277 -0.9044134123918186 -6.219582085236886 -10.09685973846481 -11.62524353805833 -10.4401613730746 -6.810395374912531 -1.577173258429778 4.040782602975285 8.731071776138792 11.39420310621755 11.40133154809604 8.742728220296481 4.031934369360428 -1.635810037673589 -6.938200735724712 -10.63436716885583 -11.85526049485079 -10.30797550764698 -6.345970772661167 -0.8883641965394677 4.793278183494953 9.371202800658132 11.77175343192784 11.42716944682994 8.409845909170574 3.417311812549011 -2.38900534979297 -7.65396243138849 -11.14497905289987 -12.04059501659371 -10.12375353181934 -5.834334984892887 -0.1682425834217123 5.553816219762259 9.994172208345916 12.11090624441137 11.40232681342613 8.025850149672856 2.763119439342088 -3.160930076338294 -8.363180298377307 -11.62525391421156 -12.17885785759468 -9.886719944377406 -5.276510489671616 0.5806079230348293 6.318854870057716 10.5963084338771 12.40872039758408 11.32528324208951 7.590999753856881 2.071337400971095 -3.948344043228401 -9.062111421239992 -12.07182235379816 -12.26784322948278 -9.596351231641032 -4.673781330754391 1.355393783821633 7.084743320995329 11.17395749192147 12.6623949030656 11.19474836964982 7.105819675534513 1.344185786285676 -4.747849578719007 -9.74697481497498 -12.48140538542401 -12.30554320653566 -9.252382966069945 -4.027691240957308 2.153121998866621 7.847738318170361 11.72350175258734 12.86928555565053 11.00967245603219 6.571103062955003 0.5841176586722631 -5.555905869376419 -10.4139698185046 -12.85083256286857 -12.29016134166175 -8.854815718683854 -3.340040459918972 2.970611646531146 8.604021367939236 12.24137878227126 13.02692100276311 10.76925591703428 5.987912017046708 -0.206189145317801 -6.368844208342751 -11.05929482529873 -13.17705980990465 -12.2201254198549 -8.403919745252416 -2.612881248746444 3.804506498150609 9.349716534334947 12.72410016009794 13.13301817527219 10.47295775332246 5.357577038827557 -1.023841428554683 -7.182884071535298 -11.67916626463631 -13.45718686455268 -12.094099279434 -7.900238411626066 -1.848512110080331 4.651288657819833 10.08090875173357 13.16827017957167 13.18549699940224 10.12050282431027 4.681695155551527 -1.865741224089404 -7.994149953109903 -12.26983774516443 -13.68847425028444 -11.91099363519369 -7.344590329228137 -1.049470728320965 5.507293172457747 10.79366257089334 13.57060434486912 13.18249431222177 9.711887920544141 3.962126721330516 -2.728597525349863 -8.798688887361179 -12.82761927095252 -13.86835968838687 -11.66997584175664 -6.738070177538137 -0.2185256507842908 6.368723552220327 11.48404125330665 13.92794757149535 13.12237690629723 9.247386593550948 3.200990894025714 -3.608939111380032 -9.592488580552667 -13.34889643922335 -13.99447386762819 -11.37047853987991 -6.082048196303805 0.6413332633738977 7.231668136606293 12.14812612648841 14.23729200165404 13.00375363257941 8.727552707467169 2.400659796511697 -4.503128417250217 -10.37149607261786 -13.8301495282859 -14.06465548970014 -11.01220713320344 -5.378168336336032 1.526905593649813 8.092117237178989 12.78203611095969 14.49579434579278 12.8254864944152 8.153222682527462 1.563751376477406 -5.407376394596851 -11.13163684564567 -14.26797238398663 -14.07696551162872 -10.5951460479585 -4.628345063838691 2.434792269532408 8.945980983583338 13.38194732813975 14.70079266325728 12.58670066970625 7.525516406274186 0.6931209851939131 -6.317758302060853 -11.86883429330134 -14.65909101319081 -14.02970050943847 -10.11956373343463 -3.834758819450456 3.36140859829634 9.789107795810848 13.9441126972427 14.84982249689679 12.2867934027281 6.845836794352895 -0.2081482982812891 -7.230230360746798 -12.57902946292214 -15.00038179341699 -13.92140509081139 -9.586016366475713 -2.999850139469032 4.302998359431034 10.61730340198864 14.46488142861213 14.94063227875706 11.92544171186276 6.115867988876707 -1.136756564927167 -8.140647205174542 -13.25820098010343 -15.28888920878711 -13.75088328830556 -8.995350228977673 -2.126312452882829 5.255648910469768 11.42635031787878 14.94071832060774 14.97119792669073 11.50260886453422 5.337572188520972 -2.089199157163177 -9.044780055971632 -13.90238506396157 -15.52184302389583 -13.51720886881896 -8.348702733277849 -1.217083574188815 6.215307243887424 12.21202770143534 15.36822276731486 14.93973655478269 11.01854957594977 4.513185110804581 -3.061779889630421 -9.938335536674909 -14.50769554007608 -15.69667480906561 -13.21973449948801 -7.647502076275011 -0.275335918047348 7.177796929819269 12.97013149324761 15.74414738490806 14.84471922393386 10.47381389372554 3.645210093310821 -4.050625359443349 -10.81697505326286 -15.07034375738346 -15.81103373271669 -12.85809971494029 -6.89346550936543 0.695534531987165 8.138835874760918 13.69649475172546 16.06541616546452 14.68488266275408 9.869249736249177 2.736410846921692 -5.05170029071145 -11.67633465189266 -15.5866583148895 -15.86280153924198 -12.43223763588838 -6.088596217487486 1.691920462453676 9.094054822015075 14.38700809014628 16.32914206845121 14.459239893033 9.206004058553223 1.789802880463296 -6.060823852725822 -12.51204526733192 -16.05310450420149 -15.85010663382489 -11.94238039437876 -5.235178806873966 2.710016632619819 10.03901651567478 15.03764012144941 16.53264396189479 14.16708969856262 8.485522625457927 0.8086436223913398 -7.07368688640318 -13.31975327202209 -16.46630337433175 -15.771337199063 -11.38906322650267 -4.335773407585109 3.745834390956442 10.96923544616578 15.64445781582943 16.67346282749488 13.80802488081614 7.709548378120309 -0.2035787286337037 -8.085869968728224 -14.09514123363484 -16.8230503261806 -15.62515327204541 -10.77312719923021 -3.393208403164199 4.795217250147111 11.88019809201981 16.20364667574312 16.74937714655432 13.38193925009192 6.880118386231036 -1.243157586368112 -9.092862240533064 -14.83394878713992 -17.12033314544341 -15.41049771467027 -10.0957205438758 -2.410571806229586 5.853857459960045 12.76738356959905 16.7115306329658 16.75841738662842 12.88903330603771 5.99955938470063 -2.306181548902573 -10.09008091888292 -15.53199352613578 -17.35534938446001 -15.12660601445528 -9.358298574913102 -1.391201305132399 6.917313512314068 13.62628459972055 17.16459157275789 16.69887951219361 12.32981856703282 5.070481899927034 -3.388549110204071 -11.07289141138333 -16.18519181723609 -17.52552300570807 -14.77301485786748 -8.562622179064718 -0.3386730130630733 7.981028507950958 14.45242869809174 17.55948839108175 16.56933744641384 11.70512051375405 4.095772977390043 -4.48598445595317 -12.03662794644007 -16.78957944082877 -17.62852020223716 -14.34956942328386 -7.710754866000177 0.7432110427938979 9.040349309656703 15.24139949441723 17.89307549209053 16.36865441519857 11.01608011817766 3.078587528590457 -5.594054282953011 -12.97661463024073 -17.34133196143119 -17.66226431332884 -13.85642934604248 -6.805058378382453 1.850436648443923 10.09054640271942 15.98885808378383 18.16242063484154 16.09599310923403 10.26415393549103 2.022338321964324 -6.708185576190296 -13.88818683859426 -17.83678473128505 -17.62494975704774 -13.29407331362438 -5.848186865574541 2.978792297045948 11.12683437936603 16.69056431282229 18.3648220403177 15.75082460441021 9.451112742651638 0.930684648600247 -7.823684272723817 -14.76671284939404 -18.27245243157811 -17.51505490510658 -12.66330225488648 -4.84307963181596 4.123885194424077 12.14439296043289 17.34239790261314 18.49782467240272 15.33293598621161 8.579038713822317 -0.1924803000351822 -8.935754736901428 -15.60761561955294 -18.64504805696438 -17.3313538295741 -11.96524109322085 -3.792952476222081 5.281158315305409 13.13838846422032 17.94037931015637 18.55923560940765 14.84243662895253 7.650321129370244 -1.343043299030737 -10.03951996710048 -16.40639460872396 -18.95150125068812 -17.07292685542793 -11.20133903979657 -2.701287648534055 6.445908444274641 14.10399562974821 18.48069023050848 18.54713842610339 14.27976308638739 6.667650621729726 -2.516686152345073 -11.13004245011026 -17.15864755106632 -19.18897589972378 -16.73916985772619 -10.37336840938629 -1.571822450880395 7.613305130294172 15.0364196991147 18.95969364245952 18.4599065099371 13.64568255611003 5.634011968059399 -3.708901895280654 -12.2023455757121 -17.86009207560819 -19.3548869018551 -16.32980224728674 -9.483421947729383 -0.4085365222940361 8.778410478961884 15.93091866168348 19.37395330173559 18.29621523923206 12.94129488615704 4.552675446203286 -4.915012076402976 -13.25143552055605 -18.50658707556699 -19.44691601953265 -15.84487359411184 -8.533908666043487 0.7843621510714823 9.936199702206615 16.78282556121342 19.72025258739237 18.05505295559747 12.16803309858197 3.427186777138204 -6.130185052691206 -14.27232350761666 -19.09415372721309 -19.46302673867242 -15.28476884349566 -7.527548184881974 2.002452451014299 11.08158234094444 17.58757076582334 19.99561260903883 17.73573066758274 11.32766241109751 2.26135568357282 -7.349455226597511 -15.26004834492383 -19.61899605949826 -19.40147805427056 -14.6502120856061 -6.467363596260638 3.241116512592007 12.20942407255659 18.3407040999662 20.19730948504295 17.33789042770314 10.42227774450779 1.059243100814179 -8.567743148868958 -16.2096991451179 -20.07752097679169 -19.26083710878767 -13.94226884542768 -5.356672859700639 4.495557218985256 13.31456901144794 19.03791673726967 20.3228907047237 16.86151233036697 9.454299710218962 -0.1748529175312438 -9.77987640630065 -17.11643812571014 -20.46635763862129 -19.03999061371187 -13.16234686631849 -4.199078754512817 5.760816739664866 14.39186240807721 19.67506275323932 20.37019049083346 16.30692008388421 8.426469078960373 -1.436412550362332 -10.9806112094941 -17.97552338862186 -20.78237610226467 -18.73815498947532 -12.31219536683974 -2.998457417254944 7.031796040377845 15.43617364909237 20.24818023740974 20.3373440823154 15.67478511573168 7.341839738495168 -2.72071076157824 -12.1646545916728 -18.78233157671375 -21.02270513649775 -18.35488516402528 -11.39390275714813 -1.758945499919577 8.303275288447761 16.44241945897594 20.75351186553909 20.22280086138108 14.96612917624914 6.203770154982761 -4.022834993714055 -13.3266871261271 -19.53238030466548 -21.18474911760167 -17.89008197575177 -10.40989280799093 -0.484925990829003 9.569935072216831 17.40558720185423 21.18752483396713 20.02533625339406 14.18232541247547 5.015913359447512 -5.33770393639151 -14.46138606668225 -20.22135026156289 -21.26620392200388 -17.3439981321584 -9.362919272079918 0.8189872534642897 10.82637834912465 18.32075818066566 21.54693006010834 19.74406233281349 13.3250978901969 3.782205487433374 -6.660087298042284 -15.56344881283436 -20.84510688310295 -21.2650717335686 -16.71724268164867 -8.256058964559875 2.147966210766469 12.06715303283243 19.18313082994829 21.82870055548461 19.37843707356275 12.39651954904672 2.50685290676611 -7.984626504116563 -16.62761659881035 -21.39972149223473 -21.17967468760474 -16.01078396190994 -7.09270331606764 3.496986569910762 13.28677512618547 19.98804369807793 22.03008888044137 18.92827218761915 11.39900858223541 1.194317974703852 -9.305856240265181 -17.64869830393029 -21.88149180850355 -21.00866727805985 -15.22595099486069 -5.876548418891259 4.860846715332291 14.47975230350815 20.7309981146498 22.14864359291049 18.39373950132875 10.33532323939799 -0.1506965275689078 -10.61822675439538 -18.62159428013792 -22.28696172818038 -20.75104745915068 -14.36443330462882 -4.61158359340266 6.234187747765834 15.6406078428584 21.4076804391956 22.18222460720864 17.7753758249147 9.208555057907713 -1.52326422911156 -11.9161268275293 -19.54132009146298 -22.6129402795853 -20.4061663777937 -13.42827914178007 -3.30207850889987 7.611514464253238 16.7639048063581 22.01398378823841 22.12901738286377 17.07408627685795 8.022120535144 -2.918253211755713 -13.19390731939232 -20.40303005969231 -22.85651966074816 -19.97373667859507 -12.41989210389824 -1.952568899497897 8.987217215502474 17.84427036472753 22.54602913906725 21.98754586786749 16.29114603132182 6.779751260940383 -4.330345195024741 -14.44590519137978 -21.2020405102615 -23.01509226968894 -19.45383932896016 -11.34202614952242 -0.5678409223590334 10.35559455412337 18.87642016051236 23.00018571034371 ]
	 )
	 ( "error"
	   [ 4.735887187646921 7.125723443718739 7.667712030752445 6.109600897020547 2.689429095575712 -1.712833088657919 -6.347530869947755 -10.20148448359088 -12.44017047481167 -12.32159769346559 -10.15153647618404 -6.433700652311719 -2.035839790591083 2.25986838481878 5.253099499068761 6.292546812272775 5.181420771717567 2.347502720375513 -1.593166268824782 -5.64054840081839 -8.765800151048129 -10.18978438244911 -9.461177694368287 -6.668555984916347 -2.383642908586996 2.308724723990693 6.510759954556439 9.273489011636976 9.981020467958196 8.299649575064665 4.800496855774699 0.285069145809207 -4.204398433857309 -7.756456227688754 -9.447874300490478 -8.916293743091762 -6.317979548909602 -2.28629908131191 2.195542565555485 6.042326584669642 8.313360123280955 8.577770607366325 6.616320679320195 2.874852542998275 -1.782807377452981 -6.058637774775478 -9.122737431029654 -10.20807123034941 -9.007633473659528 -5.564947626550298 -0.7719826161787043 4.343884386674858 8.676032004174406 11.34765365009563 11.77777811202214 9.958297628373932 6.407235405918335 1.921146236103202 -2.254773768050773 -5.072205525912843 -5.796821129250169 -4.458619245900962 -1.079150669112408 3.564089758374267 8.395276680939325 11.96099392465685 13.68234351322658 13.07875939422303 10.21174104142554 5.415496972215047 -0.06880886395076624 -5.092522971072726 -8.610700421621313 -10.0089556414276 -9.021287674646935 -6.021158446460769 -1.853988530908155 2.486687736136575 5.737249940762169 7.012858437224407 5.887509391714356 2.785418928770047 -1.918918669664945 -7.183842357195482 -11.83302298530973 -14.48844531190945 -14.8382673449049 -12.76595405776913 -8.721027732535546 -3.351125898923713 1.915602428572802 5.935936733898676 7.854281656172335 7.399021596730393 4.684107071484323 0.4479234515946968 -4.212904478459165 -8.191565172647129 -10.37288549986026 -10.15139378716344 -7.481515298197861 -3.109669591652053 2.20576314896518 7.262923280140625 10.91637226427131 12.11147044890033 10.77847483428296 7.204163356303966 2.200391136102018 -3.218556505785029 -7.699968905262896 -10.24090677026031 -10.28893253795228 -7.845155087461352 -3.542249440123966 1.578006854780294 6.279322028539214 9.593172080988389 10.56482280525721 8.958532639646274 5.140634111255455 0.227499911356582 -4.814748772564899 -8.754262760067377 -10.61311141206581 -9.728649680289822 -6.375091912653193 -1.236231024242096 4.584491938348414 9.825680581303812 13.34861384679698 14.41776568448961 12.86906528396066 8.960989336698159 3.839074579297727 -1.253375062436747 -5.076038326632472 -7.009474287878544 -6.293989026248559 -3.115793194727479 1.762463913307641 6.833171691891255 11.14953075326874 13.59205653200908 13.4759450193588 10.48843594463004 5.383729291756209 -0.8113948850568005 -6.812021722564712 -11.38164428695862 -13.60237299771805 -13.10963574390023 -10.17221465690414 -5.408592369515734 -0.260236337205062 3.960453006864102 6.153984507848517 6.065270615755354 3.310824953984146 -1.495811230923563 -7.259397971929225 -12.27116230157311 -15.67670236629696 -16.60696932388468 -14.7690579682736 -10.25838391582694 -4.252108022244395 1.978203675250931 7.104797609874961 10.09786454282479 10.34579685940696 7.920989623427666 3.52097182848623 -1.858980214115488 -6.697572175970701 -9.762223677741821 -10.2314745216954 -8.174196014554138 -3.744340445260811 2.06218897857725 7.924684804128094 12.23517953012738 14.22205230360844 13.38361161003883 9.877273683701171 4.350552411134085 -1.837487666782615 -7.303728451057974 -10.82979262912855 -11.59279558614814 -9.510056686567308 -5.109246245497967 0.53847315357201 6.272305808687914 10.54534508060032 12.35334275240031 11.26549130499876 7.770543745722629 2.490217321793316 -3.290128193449684 -8.164559642504802 -10.78670929384559 -10.59516888831279 -7.536115609253662 -2.225984427149602 4.148174651343229 10.22250815243373 14.65670628727672 16.49012766233766 15.12337547231321 11.13534112158923 5.474601575731717 -0.5165394458816301 -5.777547755075513 -8.773861398462477 -8.859882292512046 -6.068605124984238 -1.443259567004851 4.138207505685889 9.23347765785638 12.50989492514017 12.88897987380307 10.26266791978437 5.057399672306888 -1.69628458637622 -8.517294507792737 -14.05634485028876 -17.17419398802063 -17.29450916018165 -14.21795329325716 -9.061967790545655 -3.11010544014891 2.164514525205769 5.88968104843253 6.763032377819114 4.593176400985011 -0.1003583901078278 -5.798523343324319 -11.46524219720125 -15.65975660500926 -17.28158538046721 -15.60600525615824 -11.07115384729646 -4.561469616531186 2.574563864625093 8.805048461809857 12.86470664857328 13.95889922474803 11.98411336379879 7.298274602513379 1.34639808834063 -4.383102601430495 -8.449842841321974 -10.15462305852351 -8.718295090690008 -4.451193840167258 1.673772844093298 7.946060700575686 13.14816788307165 16.00801639949199 15.79773030790481 12.38249207436084 6.593440347150058 -0.3042400909429102 -6.782892878415412 -11.31738874759686 -12.99483332984378 -11.47616079187999 -7.168565563041377 -0.8912433701758351 5.647723122561247 10.91629511295521 13.67543947888936 13.52507129135934 10.29220674479902 4.780187390702698 -1.672795010860375 -7.378701547916176 -11.043447106552 -11.72000269903087 -9.157434027445172 -3.949804983706188 2.845462922568164 9.708435505093288 15.09947658570009 17.52932320301843 16.70969283694997 12.82064282333333 6.760187422937744 -0.4439815216768124 -6.821769930058258 -10.97241672793775 -12.01223309555144 -10.09036575277109 -5.504063394162829 0.517190080547022 6.405396968811568 10.52863803809941 11.82458699267075 9.797831703001922 4.728413857295476 -2.203804128370015 -9.712917416842011 -16.18661014691973 -20.2505886772978 -20.67396447771584 -17.81038596022293 -12.36521700235934 -5.649012911377315 1.226740030802712 6.227200203234265 8.251499736718202 6.891733183991504 2.929970710799979 -2.948999256553937 -9.209625688932054 -14.22338480128473 -16.49306311927109 -15.43539902655857 -11.08692234253384 -4.253464138059522 3.541791966122472 10.78509945098437 15.95318456635175 18.00414867228018 16.26593899581888 11.58063704947655 5.124123945486042 -1.510873024678955 -7.109731947310987 -9.947771598591993 -9.366164026231205 -5.503810181618912 0.4150758237626269 7.245324332906822 13.30710462181873 17.09619061464798 17.54114237890479 14.51735524933884 8.615640605566403 1.100897477534994 -6.240136014294536 -11.90788654583393 -14.64819030569284 -13.88816503245125 -9.587562311666133 -3.036182088210006 4.231880407139501 10.51139944614655 14.59299784384635 15.30276906506759 12.52159886924961 6.946045517339887 0.03207510448503848 -6.633161394813345 -11.41206102879324 -13.10409511652793 -11.35815115572311 -6.394680056071952 0.682295760346141 8.272195164021987 14.32593647627402 17.72334438384599 17.63686389477199 14.0513147374585 7.388639432030114 -0.535770543069177 -7.988990071292826 -13.34423370869796 -15.72120133554028 -14.47407684737149 -10.06308037873845 -3.688970886557565 2.983872651863115 8.221045829755546 10.61769361597958 9.429660123791926 5.039530293564101 -1.934777022975991 -9.978684874805852 -17.3241833732452 -21.86649974965312 -23.02843539164939 -20.52445145507855 -14.92517540487229 -7.001493969871509 1.003154154768229 7.347003994969746 10.67253516340337 10.68266195065699 7.221311568676474 1.302262716489568 -5.484017788036697 -11.2815874875006 -14.5661761972657 -14.33808617824342 -10.41637216611151 -3.737361757476643 4.56601448693596 12.72369203276965 18.99572711279412 21.61947969914403 20.49377736904447 15.93297561515044 9.054967898433805 1.042515922822289 -5.806459276337295 -9.941123777312534 -10.44160783964341 -7.550225421168208 -1.745765487645722 5.495569707417037 12.35852258209998 17.06703085705069 18.42471984217519 15.97037267357656 10.13269184591635 2.34039552200761 -5.886326357000322 -12.71364291742519 -16.63079730011354 -16.46862897991021 -12.60173229063735 -5.935360253305838 1.969005636014677 9.540726621870908 14.7820713304468 16.51979627369344 14.39696311316259 9.040794209418451 1.689313375712413 -5.867618963721556 -11.78828717997991 -14.77903305031159 -13.92826264306489 -9.390184438526605 -2.181090387631097 5.705786601925849 12.73445684815054 17.21494840882958 18.04922261151043 14.6218191485179 7.961377129508284 -0.5137154935596334 -8.957972249967943 -15.72812416565531 -19.2169139089818 -18.77989750562736 -14.68875208359305 -7.977787729485371 -0.4583165181323849 5.957709881781985 9.612204023546978 9.873825839923704 6.222279289026897 -0.5636502292684025 -8.971034856301962 -16.55215745356205 -22.02466194326399 -24.04246424466263 -22.06404675698463 -15.9639232899394 -7.493428256042737 1.556347306397656 9.255219712287261 14.26669071188035 15.3809014017695 12.57884125740491 6.756691272294377 -0.5452496799330078 -7.325349068537539 -11.76346169441437 -12.58301757136298 -9.734994926694576 -3.347408212488842 5.238968331955416 14.16676242406556 20.93959936187044 24.54177218530618 24.13992597514029 19.8347308803779 12.12608018669515 3.217735149987254 -4.915921177768977 -10.47753561019861 -12.5509279166363 -10.53148088676155 -5.054149325924341 2.436738722111457 10.05309415672324 15.82114826046178 18.2248618670494 16.53136483597938 11.25545701587175 3.234418592059971 -5.759029728731006 -13.72136410666576 -18.4931659871574 -19.35095713466874 -16.09085674181839 -9.470892570637654 -0.7382997440557647 7.837465440594741 14.31714254314308 17.24744545860414 16.0598908978221 11.04418311691118 3.443557043433836 -4.892218251999639 -12.14536599539443 -16.38067072269196 -16.57219047069665 -12.63694289951739 -5.825886417698641 2.589294123286514 10.58908939172079 16.24708658694393 17.83595277565433 15.18482888769927 8.768293351608827 -0.05821862426530577 -9.504877926060724 -17.40101459210519 -22.06574788843678 -22.57004831784012 -18.77228802910279 -11.85951773573907 -3.565654727804496 4.049271199829459 9.542828228291583 11.14691305079287 8.462742709891231 2.092857943138543 -5.916705812285777 -14.16021039498287 -20.59237463302613 -23.58724987658313 -21.84421974971814 -16.00683449910416 -7.200979275639973 2.751618150993731 11.93298408701665 18.29184719921054 20.60813213901422 18.60410162283699 12.80699926022139 4.992275156137771 -2.794204370954979 -8.509270343832606 -11.10390842143412 -9.347419834233907 -3.53851273807064 5.076570238737961 13.96087823956477 21.62830559777905 26.24049365301447 26.66954716156507 22.24637971064177 14.34789574059102 4.648162841721721 -4.754682296816339 -12.04744580254822 -15.51844130862039 -14.5657557774686 -9.620056825945447 -1.914664892933888 6.437871741623689 13.30129946884647 16.88333461135562 16.54456112364224 11.87196410061795 3.854629952651923 -5.734928504731078 -14.30083785416319 -20.28199600678619 -22.26487740711058 -19.76762441677992 -13.04847887344129 -3.893588819936538 5.644882856236823 13.42134152005614 17.72498055651806 17.60555851711258 13.1716996564026 5.540394161468987 -3.670351934046694 -12.03162784665374 -17.55720657872548 -18.919833637148 -16.14917489774746 -9.557220513357926 -0.736761003090455 8.195760082997694 14.77669018343542 17.64814674120378 15.9988305964165 10.07233216105761 1.048582842802909 -9.054234558104559 -18.02578788055871 -23.91606931387073 -25.22674272594491 -21.99504476863245 -15.05442430867262 -6.106497959666097 3.194637030925612 10.19056032938903 13.27728479502452 11.76138260268622 6.602486227427548 -1.410236612259387 -10.23948496033182 -17.65349993350059 -21.34645703495624 -20.586456928275 -15.27932591495768 -6.393232138203198 4.310459792992974 14.56328097822349 22.24296069840253 25.82469383691817 24.3868209835412 18.80076181513476 10.5564641756892 1.767662353597832 -5.95163176247967 -10.11928047480524 -9.710463467328761 -4.767898496415446 2.925980188473918 12.14549049287047 20.62482824837885 26.26713847133247 27.15263688958672 23.32211086542461 15.43539121540695 5.101249604890837 -5.616656420835042 -14.34953219312717 -19.30827380084393 -19.58250970888287 -15.09787830159829 -7.346219171946325 1.672074050664158 9.657148987051595 15.04268651119863 15.9898502769779 12.19066170094653 4.445638879123754 -5.013524391938029 -14.44855852401901 -21.61513088674005 -24.79506104296281 -22.89657002612815 -16.54680228680963 -7.11141018307881 3.320609303024113 12.40725581860673 18.14605701093931 19.29678559570382 15.68911603592495 7.967959819544415 -1.735627021235048 -11.12053089182351 -17.95614828240799 -21.00892316943874 -19.21062423003736 -13.03058678078967 -3.962771004592857 5.531683618870894 13.40026239341638 17.67647014756461 17.22983515830133 12.03159163241538 3.162961695876751 -7.435273363498778 -17.41490175289557 -24.23516255441859 -26.67811993068473 -24.21288377469436 -17.45448518429932 -7.469311718474762 2.943125278488438 11.43248565761262 16.0937942727717 16.46073972737656 12.10172450100767 4.237021938503965 -5.091926751429805 -13.19763545284563 -18.20518520038679 -18.6594105823255 -14.16660000947862 -5.587695572034901 5.435986514809684 16.58956284753818 25.52393024685846 29.91036275375792 29.35266904797164 24.11415308183972 15.55223590359845 5.08035922125617 -4.161582295537777 -10.03980587692167 -11.2029189238659 -8.088491026344414 -0.9151900585900918 8.458938574630286 17.65855177796649 23.93923449207645 25.95170925408809 22.93514440936195 15.30248284931456 4.559740053510025 -7.0824031250064 -17.18561503283924 -23.66712349614885 -24.88608187442168 -21.13724635030926 -13.47505616102781 -3.870024513508807 5.853148445030793 12.77311237862037 15.22266824063034 12.57639089518215 5.947571042012553 -3.588997928921552 -13.72737966845787 -22.01727209180515 -26.1578595487343 -25.30629530760908 -19.50588714541893 -9.956289063081529 1.186841845866534 11.53007142511079 18.7847810199728 21.3802672253059 18.47625317385127 11.14479220983519 1.137904243671247 -9.164467329930165 -17.73794624976872 -22.20137661051533 -21.55918893624507 -16.00710950921931 -7.153425233114002 3.088251601245321 12.21143888955716 17.96696640083458 18.94620051992838 14.75288506917975 6.256057448082027 -4.668373678051671 -15.18754918591034 -23.24256199268507 -26.95957472175972 -25.47530573376222 -18.57677136528211 -8.312001440097507 3.045690115029329 12.96403042408024 19.73455560325157 21.51255235409832 18.10915615463851 10.54578797046545 0.9998772562766642 -8.207076769310344 -14.64636146041377 -16.53207307570536 -13.38554961985339 -5.4679128297794 5.598037357161356 17.45137988437464 26.92394140859436 32.49419157258946 32.92939634932961 28.19463642543865 18.68281243727668 7.282580443928771 -3.452931910155941 -11.12191289690404 -14.68996688022455 -12.92174828033567 -6.482468087903497 2.870290734232404 12.40741693784716 19.86181017568631 23.1609090386407 21.19976585605504 14.27635916130076 3.537957532710705 -8.799145781463281 -20.14171263602668 -27.5717712395975 -30.05874628371389 -27.17141662767407 -19.73352673292542 -8.934501325231473 2.013774331781496 10.55944011870105 14.70804584906297 ]
	 )
	)
)
   ( "Meter"
	(record
	 ( "Freq"
	   [ 4480 4515.6 4551.2 4586.8 4622.4 4658 4693.6 4729.2 4764.8 4800.4 4836 4871.6 4907.2 4942.8 4978.4 5014 5049.6 5085.2 5120.8 5156.4 5192 5227.6 5263.2 5298.8 5334.4 5370 5405.6 5441.2 5476.8 5512.4 5548 5583.6 5619.2 5654.8 5690.4 5726 5761.6 5797.2 5832.8 5868.4 5904 5939.6 5975.2 6010.8 6046.4 6082 6117.6 6153.2 6188.8 6224.4 6260 6295.6 6331.2 6366.8 6402.4 6438 6473.6 6509.2 6544.8 6580.4 6616 6651.6 6687.200000000001 6722.8 6758.4 6794 6829.6 6865.200000000001 6900.8 6936.4 6972 7007.6 7043.200000000001 7078.8 7114.4 7150 7185.6 7221.200000000001 7256.8 7292.4 7328 7363.6 7399.200000000001 7434.8 7470.4 7506 7541.6 7577.200000000001 7612.8 7648.4 7684 7719.6 7755.200000000001 7790.8 7826.4 7862 7897.6 7933.200000000001 7968.8 8004.4 8040 8075.6 8111.200000000001 8146.8 8182.4 8218 8253.6 8289.200000000001 8324.799999999999 8360.4 8396 8431.6 8467.200000000001 8502.799999999999 8538.4 8574 8609.6 8645.200000000001 8680.799999999999 8716.400000000002 8752 8787.6 8823.200000000001 8858.799999999999 8894.400000000002 8930 8965.6 9001.200000000001 9036.799999999999 9072.400000000002 9108 9143.6 9179.200000000001 9214.799999999999 9250.400000000002 9286 9321.6 9357.200000000001 9392.799999999999 9428.400000000002 9464 9499.6 9535.200000000001 9570.799999999999 9606.400000000002 9642 9677.6 9713.200000000001 9748.799999999999 9784.400000000002 9820 9855.6 9891.200000000001 9926.799999999999 9962.400000000002 9998 10033.6 10069.2 10104.8 10140.4 10176 10211.6 10247.2 10282.8 10318.4 10354 10389.6 10425.2 10460.8 10496.4 10532 10567.6 10603.2 10638.8 10674.4 10710 10745.6 10781.2 10816.8 10852.4 10888 10923.6 10959.2 10994.8 11030.4 11066 11101.6 11137.2 11172.8 11208.4 11244 11279.6 11315.2 11350.8 11386.4 11422 11457.6 11493.2 11528.8 11564.4 11600 ]
	 )
	 ( "dBm"
	   [ 0.3178381699669582 2.337758974570937 3.53613561774273 3.606294893921532 2.684337348019033 1.273340024872365 0.01413231170820291 -0.5976166797106871 -0.4244671996859086 0.2631659698115444 0.9231958640779993 1.004333584592029 0.2185482375819929 -1.299179680332644 -3.018939531236595 -4.225398058449132 -4.32200748047539 -3.099305220626314 -0.8490905234607649 1.729501484180223 3.797075858866392 4.703960978034662 4.244167817546138 2.725437096701636 0.8255518898150135 -0.7031680000830234 -1.353584665975169 -1.069283091070815 -0.2469239856302091 0.4649770588998763 0.4816574265647723 -0.4284338324974883 -2.01104453223205 -3.613638518689085 -4.459913534860397 -3.994769167372369 -2.149393021323621 0.5924396373278259 3.361819281991613 5.240218598369034 5.623587934255636 4.461082460626627 2.266405190783172 -0.1036600159372188 -1.809120494898315 -2.370868584365836 -1.851423534028315 -0.7954612850830144 0.04213476946281935 0.05979193709074934 -0.8975517787351897 -2.447796903604789 -3.827732759272053 -4.231310132837377 -3.183777841085707 -0.7863931725528308 2.280402245048482 5.004347818519898 6.439506842733467 6.088270407154536 4.104525570562568 1.229942633525516 -1.511155610476332 -3.229323423314338 -3.522284954173629 -2.612233308502572 -1.211257074694491 -0.1760247661867593 -0.1048351340202389 -1.055802514489488 -2.512541814311471 -3.615435332393439 -3.55919652891203 -1.982240772076749 0.8262711677947263 3.999138850171693 6.420439149011895 7.175918505027128 5.933753310423696 3.091747955639062 -0.3748809257791688 -3.303356009022899 -4.806885277381898 -4.61575355181572 -3.152077917405281 -1.309045775816283 -0.03324005836013475 0.1059039558420909 -0.8301775284631799 -2.184794092259179 -3.01654625355222 -2.548705872924284 -0.5581513552636129 2.471887312368749 5.510076430990758 7.38584783657029 7.277673328597282 5.071612221504688 1.433392428593348 -2.441727548828779 -5.299232361068666 -6.318557051512113 -5.421193699598571 -3.264467760084903 -0.926687787363127 0.5776927959120508 0.7410109966051423 -0.2298734145999731 -1.531466092042173 -2.154683019954013 -1.375759784015552 0.8721022812397187 3.915624884362847 6.591442652196145 7.72787726993385 6.653549042314356 3.512163857311786 -0.7571318875937467 -4.772331813097022 -7.249448911751497 -7.504912313345085 -5.707656207037472 -2.77541173517453 0.03797261043445997 1.684736160225684 1.760137704637477 0.6456300334863908 -0.7018360309533723 -1.219486446525083 -0.2582285031601 2.08055694622963 4.945098560792383 7.077563179536572 7.358254799513095 5.314797445005016 1.372267043430346 -3.271165636625375 -7.098345275720336 -8.869522714960041 -8.110311552157421 -5.284837670284136 -1.581282213851125 1.597355619152866 3.218242352386004 3.028454559053727 1.615078179058558 0.09361780659041187 -0.435053264707104 0.5826503959641904 2.868962725099431 5.409482238303734 6.890860110737579 6.293670352911244 3.381176425883938 -1.134316046678777 -5.829081227879331 -9.117117580195343 -9.88231358919065 -7.926434371366272 -4.042006504076658 0.3216726000952035 3.65742002439634 5.008660831095208 4.32870340434152 2.440207436640753 0.6178040479592655 -0.01937510621386628 0.9643135873379133 3.107508924014063 5.250247161222769 6.06058242715119 4.659717592767384 1.06909175771575 -3.723481966273144 -8.118343045004231 -10.53632254415094 -10.06328499813798 -6.832173428841838 -1.977384959117665 2.822016613045896 6.017990724275276 6.802046178380596 5.389655492994799 2.86358574701389 0.6498216551354662 -0.1413889103350148 0.7811585143586181 2.76403171381522 4.517677150482763 4.724258274611532 2.676577418778163 -1.337232912557733 -6.080867203879942 -9.839865420121399 -11.12055014858069 -9.281117162788274 -4.822859633730301 0.7877800118124509 5.695807444646905 8.391500583402998 8.292139861280742 ]
	 )
	)
)
  )
)
 ( "OutRec"
  (record
   ( "Scalar"
	(record
	 ( "Freq"
	   [ 18000 18027.5 18055 18082.5 18110 18137.5 18165 18192.5 18220 18247.5 18275 18302.5 18330 18357.5 18385 18412.5 18440 18467.5 18495 18522.5 18550 18577.5 18605 18632.5 18660 18687.5 18715 18742.5 18770 18797.5 18825 18852.5 18880 18907.5 18935 18962.5 18990 19017.5 19045 19072.5 19100 19127.5 19155 19182.5 19210 19237.5 19265 19292.5 19320 19347.5 19375 19402.5 19430 19457.5 19485 19512.5 19540 19567.5 19595 19622.5 19650 19677.5 19705 19732.5 19760 19787.5 19815 19842.5 19870 19897.5 19925 19952.5 19980 20007.5 20035 20062.5 20090 20117.5 20145 20172.5 20200 20227.5 20255 20282.5 20310 20337.5 20365 20392.5 20420 20447.5 20475 20502.5 20530 20557.5 20585 20612.5 20640 20667.5 20695 20722.5 20750 20777.5 20805 20832.5 20860 20887.5 20915 20942.5 20970 20997.5 21025 21052.5 21080 21107.5 21135 21162.5 21190 21217.5 21245 21272.5 21300 21327.5 21355 21382.5 21410 21437.5 21465 21492.5 21520 21547.5 21575 21602.5 21630 21657.5 21685 21712.5 21740 21767.5 21795 21822.5 21850 21877.5 21905 21932.5 21960 21987.5 22015 22042.5 22070 22097.5 22125 22152.5 22180 22207.5 22235 22262.5 22290 22317.5 22345 22372.5 22400 22427.5 22455 22482.5 22510 22537.5 22565 22592.5 22620 22647.5 22675 22702.5 22730 22757.5 22785 22812.5 22840 22867.5 22895 22922.5 22950 22977.5 23005 23032.5 23060 23087.5 23115 23142.5 23170 23197.5 23225 23252.5 23280 23307.5 23335 23362.5 23390 23417.5 23445 23472.5 23500 23527.5 23555 23582.5 23610 23637.5 23665 23692.5 23720 23747.5 23775 23802.5 23830 23857.5 23885 23912.5 23940 23967.5 23995 24022.5 24050 24077.5 24105 24132.5 24160 24187.5 24215 24242.5 24270 24297.5 24325 24352.5 24380 24407.5 24435 24462.5 24490 24517.5 24545 24572.5 24600 24627.5 24655 24682.5 24710 24737.5 24765 24792.5 24820 24847.5 24875 24902.5 24930 24957.5 24985 25012.5 25040 25067.5 25095 25122.5 25150 25177.5 25205 25232.5 25260 25287.5 25315 25342.5 25370 25397.5 25425 25452.5 25480 25507.5 25535 25562.5 25590 25617.5 25645 25672.5 25700 25727.5 25755 25782.5 25810 25837.5 25865 25892.5 25920 25947.5 25975 26002.5 26030 26057.5 26085 26112.5 26140 26167.5 26195 26222.5 26250 26277.5 26305 26332.5 26360 26387.5 26415 26442.5 26470 26497.5 26525 26552.5 26580 26607.5 26635 26662.5 26690 26717.5 26745 26772.5 26800 26827.5 26855 26882.5 26910 26937.5 26965 26992.5 27020 27047.5 27075 27102.5 27130 27157.5 27185 27212.5 27240 27267.5 27295 27322.5 27350 27377.5 27405 27432.5 27460 27487.5 27515 27542.5 27570 27597.5 27625 27652.5 27680 27707.5 27735 27762.5 27790 27817.5 27845 27872.5 27900 27927.5 27955 27982.5 28010 28037.5 28065 28092.5 28120 28147.5 28175 28202.5 28230 28257.5 28285 28312.5 28340 28367.5 28395 28422.5 28450 28477.5 28505 28532.5 28560 28587.5 28615 28642.5 28670 28697.5 28725 28752.5 28780 28807.5 28835 28862.5 28890 28917.5 28945 28972.5 29000 29027.5 29055 29082.5 29110 29137.5 29165 29192.5 29220 29247.5 29275 29302.5 29330 29357.5 29385 29412.5 29440 29467.5 29495 29522.5 29550 29577.5 29605 29632.5 29660 29687.5 29715 29742.5 29770 29797.5 29825 29852.5 29880 29907.5 29935 29962.5 29990 30017.5 30045 30072.5 30100 30127.5 30155 30182.5 30210 30237.5 30265 30292.5 30320 30347.5 30375 30402.5 30430 30457.5 30485 30512.5 30540 30567.5 30595 30622.5 30650 30677.5 30705 30732.5 30760 30787.5 30815 30842.5 30870 30897.5 30925 30952.5 30980 31007.5 31035 31062.5 31090 31117.5 31145 31172.5 31200 31227.5 31255 31282.5 31310 31337.5 31365 31392.5 31420 31447.5 31475 31502.5 31530 31557.5 31585 31612.5 31640 31667.5 31695 31722.5 31750 31777.5 31805 31832.5 31860 31887.5 31915 31942.5 31970 31997.5 32025 32052.5 32080 32107.5 32135 32162.5 32190 32217.5 32245 32272.5 32300 32327.5 32355 32382.5 32410 32437.5 32465 32492.5 32520 32547.5 32575 32602.5 32630 32657.5 32685 32712.5 32740 32767.5 32795 32822.5 32850 32877.5 32905 32932.5 32960 32987.5 33015 33042.5 33070 33097.5 33125 33152.5 33180 33207.5 33235 33262.5 33290 33317.5 33345 33372.5 33400 33427.5 33455 33482.5 33510 33537.5 33565 33592.5 33620 33647.5 33675 33702.5 33730 33757.5 33785 33812.5 33840 33867.5 33895 33922.5 33950 33977.5 34005 34032.5 34060 34087.5 34115 34142.5 34170 34197.5 34225 34252.5 34280 34307.5 34335 34362.5 34390 34417.5 34445 34472.5 34500 34527.5 34555 34582.5 34610 34637.5 34665 34692.5 34720 34747.5 34775 34802.5 34830 34857.5 34885 34912.5 34940 34967.5 34995 35022.5 35050 35077.5 35105 35132.5 35160 35187.5 35215 35242.5 35270 35297.5 35325 35352.5 35380 35407.5 35435 35462.5 35490 35517.5 35545 35572.5 35600 35627.5 35655 35682.5 35710 35737.5 35765 35792.5 35820 35847.5 35875 35902.5 35930 35957.5 35985 36012.5 36040 36067.5 36095 36122.5 36150 36177.5 36205 36232.5 36260 36287.5 36315 36342.5 36370 36397.5 36425 36452.5 36480 36507.5 36535 36562.5 36590 36617.5 36645 36672.5 36700 36727.5 36755 36782.5 36810 36837.5 36865 36892.5 36920 36947.5 36975 37002.5 37030 37057.5 37085 37112.5 37140 37167.5 37195 37222.5 37250 37277.5 37305 37332.5 37360 37387.5 37415 37442.5 37470 37497.5 37525 37552.5 37580 37607.5 37635 37662.5 37690 37717.5 37745 37772.5 37800 37827.5 37855 37882.5 37910 37937.5 37965 37992.5 38020 38047.5 38075 38102.5 38130 38157.5 38185 38212.5 38240 38267.5 38295 38322.5 38350 38377.5 38405 38432.5 38460 38487.5 38515 38542.5 38570 38597.5 38625 38652.5 38680 38707.5 38735 38762.5 38790 38817.5 38845 38872.5 38900 38927.5 38955 38982.5 39010 39037.5 39065 39092.5 39120 39147.5 39175 39202.5 39230 39257.5 39285 39312.5 39340 39367.5 39395 39422.5 39450 39477.5 39505 39532.5 39560 39587.5 39615 39642.5 39670 39697.5 39725 39752.5 39780 39807.5 39835 39862.5 39890 39917.5 39945 39972.5 40000 ]
	 )
	 ( "dBm"
	   [ 17.27027737635249 32.66053616573367 -13.20817939283274 -34.42426146154532 8.9113566089706 35.65169191881593 -4.446740860182604 -36.32003577766901 -0.1156570521351584 36.41526809448404 4.703845126097233 -35.9324072569792 -9.244986142027734 34.87564880253851 13.66655393764018 -33.25835355196585 -17.8974916201732 31.1028893836159 21.86935322087274 -28.44032830970737 -25.51741045324046 25.31000284083718 28.78170668720338 -21.75892789836076 -31.60804099083233 17.84109672106685 33.94886610958744 -13.61666127664411 -35.76408553579056 9.151009596532132 37.02173634824833 -4.51375417244593 -37.69854625159071 -0.2223529431877488 37.78035518954257 4.982561429112386 -37.26239401616689 -9.691302476603774 36.14941495124621 14.2733884402462 -34.45567088525991 -18.65521331386874 32.20474299884264 22.76593486576027 -29.42921858322963 -26.53861945190305 26.17022335322035 29.91133101490368 -22.47681489414642 -32.82814656405336 18.40524614102465 35.24008150726555 -14.01810991538521 -37.10590955297167 9.383377507644841 38.39286349933159 -4.573346058773291 -39.07720505510427 -0.3364889654711529 39.14465386329719 5.268618626961735 -38.5906680937599 -10.14474410007481 37.42057130023682 14.88701967316296 -35.64952266429864 -19.41929543406553 33.30233023470702 23.66833980356464 -30.41310927689975 -27.56502229398938 27.02479033321482 31.04543739797136 -23.1884840200904 -34.0519513486947 18.96271191546325 36.5341546256394 -14.41251507902062 -38.44970449225831 9.608453765075572 39.76504352330438 -4.625513698942602 -40.45598198441824 -0.4580641374642162 40.50813403544247 5.562011951934644 -39.91720000950247 -10.6053025340961 38.68908943636944 15.5074355816902 -36.83988199321062 -20.18972254065794 34.39562613870789 24.57654945339845 -31.39197777694425 -28.59659755221679 27.87368386401592 32.18400190217844 -23.89391837193945 -35.27942928274204 19.51348042049703 37.83105768782021 -14.79986663989189 -39.79544130195381 9.826231897885851 41.13824655392951 -4.67025438122394 -41.83484683191513 -0.5870773687022747 41.87076563556185 5.862736528625297 -41.24196030659117 -11.07296919551244 39.95494098312795 16.13462401092863 -38.02672202534881 -20.96647909959162 35.48460581942062 25.49054514810456 -32.36580154149519 -29.63332372204686 28.71688411049517 33.32700052631961 -24.59310113554013 -36.51055424856824 20.05753812933804 39.13076287352662 -15.18015457291191 -41.1430908998689 10.03670554149555 42.51244270785394 -4.707565502435985 -43.2137693865211 -0.7235274597182173 43.23251860349784 6.170787373926073 -42.56491955202237 -11.54773539651599 41.21809760098923 16.76857270598848 -39.21001596365188 -21.74954948300176 36.56924444679398 26.41030813445595 -33.33455810090613 -30.67517922199209 29.55437131938783 34.47440920252508 -25.28601558699026 -37.74530007323871 20.59487161245104 40.43324231939164 -15.55336895562138 -42.49262417365341 10.23986843778097 43.88760208496938 -4.737444567974812 -44.59271943407348 -0.867413102128165 44.59336288971103 6.486159397110056 -43.88604833696515 -12.02959234472337 42.47853098774611 17.40926931207484 -40.38973706094441 -22.53891796941423 37.64951725243835 27.33581957339653 -34.29822505801224 -31.72214239382897 30.38612581959339 35.62620379653343 -25.97264509290045 -38.98364052881264 21.12546753765819 41.73846811933278 -15.91949996838572 -43.84401198117305 10.43571443517556 45.26369476877976 -4.759889191777247 -45.97166675768762 -1.018732878565788 45.95326845565691 6.808847399909843 -45.20531727711384 -12.51853114325868 43.73621287887941 18.05670137466935 -41.56585862027683 -23.33456874399663 38.72539952996273 28.26706054024358 -35.25678008838552 -32.77419150288648 31.21212802236033 36.78236010803452 -26.65297311058709 -40.22554933269737 21.64931267041053 43.0464123248584 -16.27853789444448 -45.19722515084369 10.62423748874172 46.64069082677088 -4.774897096473273 -47.35058113813036 -1.177485262775375 47.31220527414688 7.138846076558446 -46.52269701305144 -13.01454279088637 44.99111504788161 18.71085633964965 -42.73835399526299 -24.13648589863299 39.79686663526327 29.20401202493903 -36.21020094065691 -33.83130473828601 32.03235842158068 37.94285387087945 -27.32698318821587 -41.4710001479302 22.16639387389375 44.35704694544038 -16.63047312011086 -46.55223448199456 10.80543166017502 48.01856031076117 -4.782466113339437 -48.72943235418296 -1.343668619543549 48.67014332971658 7.476150013827702 -47.8381582106024 -13.51761818209681 46.24320930661215 19.37172155351791 -43.90719659039384 -24.94465343222108 40.8638939868078 30.14665493225239 -37.15846543673612 -34.89346021326619 32.84679759401832 39.10766075345114 -27.99465896510988 -42.71996658351279 22.6766981091708 45.67034394882435 -16.97529613482467 -47.90901074523299 10.97929111800469 49.39727325728753 -4.782594182360669 -50.10819018301333 -1.51728120479972 50.02705261899477 7.820753691120707 -49.15167156119797 -14.02774810724466 47.49246750565068 20.03928426342226 -45.07235986137367 -25.75905525079082 41.92645706598071 31.09497008208086 -38.1015514721342 -35.96063596534647 33.65542619948993 40.2767563589059 -28.65598417189415 -43.97242219474865 23.18021243542372 46.98627526138226 -17.31299753130111 -49.267524682778 11.14581013758756 50.77679968794733 -4.775279352215029 -51.48682440054381 -1.698321165556928 51.38290315106153 8.172651480512908 -50.46320778223031 -14.54492325263709 48.73886153463151 20.71353161742837 -46.23381731542555 -26.57967516771319 42.98453141733539 32.04893820957436 -39.03943701622416 -37.03280995668533 34.45822498120428 41.45011622548759 -29.31094263067704 -45.22834048352923 23.67692400999525 48.30481276846735 -17.64356800567257 -50.62774700883796 11.30498310121449 52.15710960977768 -4.760519780381308 -52.86530478181932 -1.886786539973109 52.73766494782836 8.531837646850244 -51.77273761741842 -15.06913420061965 49.98236332260012 21.39445066458995 -47.39154251165316 -27.40649690396528 44.0380926489396 33.00853996543663 -39.97210011246558 -38.10996007427367 35.2551747659349 42.62771582684552 -29.95951825532871 -46.48769489867139 24.16682008867103 49.62592831471832 -17.96699835757512 -51.98964840996089 11.45680449814933 53.53817301561719 -4.738313733074465 -54.24360110137837 -2.082675257347002 54.09130804439045 8.898306347780688 -53.08023183716183 -15.60037142971921 51.2229448383245 22.08202835512096 -48.54550906132339 -28.23950408819357 45.08711643266484 33.97375591614009 -40.8995188787368 -39.19206413026738 36.04625646427434 43.80953057227998 -30.60169505156348 -47.75045883625778 24.64988802582451 50.94959370445736 -18.28327949028779 -53.35319954536377 11.60126892472256 54.91995988446779 -4.708659585366271 -55.62168313361912 -2.28598513817477 55.44380248940942 9.272051633844052 -54.38566123888967 -16.13862531474458 52.46057809068805 22.77625154063028 -49.69569062822862 -29.07868025703165 46.13157850443616 34.94456654413901 -41.82167150759177 -40.27909986219564 36.83145107089027 44.99553580709809 -31.23745711726869 -49.016605639916 25.12611527444178 52.27578070197075 -18.59240241081342 -54.7183710473462 11.7383710844276 56.30244018187515 -4.671555821113331 -56.9995206531689 -2.496713894148597 56.79511834545713 9.653067448502553 -55.68899664743785 -16.68388612687403 53.69523512900059 23.47710697414268 -50.84206092899493 -29.92400885521352 47.17145466461508 35.92095224818332 -42.73853626651322 -41.37104493325369 37.61073966468435 46.18570681285939 -31.86678864262368 -50.28610860119108 25.59548938646745 53.60446103188922 -18.89435823001532 -56.08513352158342 11.86810578796786 57.68558386027224 -4.627001033093579 -58.37708343525369 -2.714859128152756 58.1452256894044 10.04134762824578 -56.99020891538351 -17.23614403386814 54.92688804335413 24.18458131034493 -51.98459373338663 -30.77547323580162 48.2067207782426 36.9028933434347 -43.65009149820748 -42.4678769325995 38.38410340914225 47.38001880768788 -32.48967391031697 -51.55894095982459 26.05799801281546 54.93560637952157 -19.18913816275653 -57.45345754754168 11.99046795329886 59.06936085936009 -4.574993922874313 -59.75434125606633 -2.940418334325061 59.49409461276974 10.43688590262183 -58.28926892342243 -17.79538910001054 56.15550896495157 24.89866110572143 -53.12326286467771 -31.63305666042029 49.2373527753506 37.8903700617707 -44.55631562080069 -43.56957337555978 39.15152355251249 48.57844694662811 -33.10609729576585 -52.8350759040902 26.5136289036168 56.26918839118764 -19.47673352797596 -58.82331367878744 12.10545260571971 60.45374110647023 -4.515533301002656 -61.13126389313595 -3.173388898055632 60.84169522209606 10.83967589441502 -59.5861475807174 -18.36161128642564 57.3810700664574 25.61933281868778 -54.25804219989918 -32.4967422993756 50.26332665127521 38.8833625520445 -45.45718712821306 -44.67611170397429 39.91298142797517 49.78096632184909 -33.71604326721992 -54.11448657116598 26.96236990834045 57.60517867460398 -19.75713574882513 -60.19467244337304 12.21305487796723 61.83869451692708 -4.448618086921867 -62.50782112569624 -3.413768096054159 62.18799763931216 11.24971111955889 -60.88081582524428 -18.93480045101649 58.60354356234966 26.346582809852 -55.38890567024252 -33.36651323194817 51.28461846688843 39.88185088023705 -46.35268459035431 -45.78746928640168 40.6684584540096 50.98755196300835 -34.31949638609247 -55.39714604736443 27.40420897590782 58.94354879916575 -20.03033635273864 -61.5675043441879 12.31327001024156 63.22419099442956 -4.374247309016186 -63.88398273505397 -3.661553096351366 63.53297200209462 11.66698498731512 -62.17324462417138 -19.51494634867171 59.82290170924678 27.08039734202467 -56.51582726134431 -34.2423524465128 52.30120434899009 40.88581502982642 -47.24278665340691 -46.90362341841904 41.41793613449937 52.19817883752013 -34.9164413070632 -56.68302736856789 27.83913415493394 60.2842702963329 -20.29632697158231 -62.94177985930963 12.40609335029762 64.61020043139295 -4.292420104658232 -65.25971850495834 -3.916740958268298 64.87658846423587 12.09149080032181 -63.46340497419172 -20.10203863140038 61.03911680626391 27.82076258046772 -57.63878101356353 -35.12424284077524 53.31306049053889 41.89523490188466 -48.12747204011127 -48.02455132292567 42.1613960590601 53.41282185092641 -35.50686277829307 -57.97210352045744 28.26713359377585 61.6273146599651 -20.5550993417339 -64.31746944239248 12.49152035346485 65.9966927093364 -4.203135720107907 -66.6349982219695 -4.179328632606384 66.21881719601296 12.5232217546394 -64.75126790188827 -20.69606684842645 62.25216119530998 28.56766459307282 -58.75774102238412 -36.01216722201435 54.32016315098045 42.91009031540621 -49.00671954994813 -49.15023015034637 42.89881990317967 54.63145584709616 -36.09074564164171 -59.2643474388953 28.68819554077428 62.97265334665602 -20.80664530423231 -65.69454352298193 12.56954658273603 67.38363769924219 -4.10639351070346 -68.00979167582734 -4.449312961488479 67.55962838454734 12.96217093994624 -66.03680446410462 -21.29702044628075 63.46200726149208 29.3210893504863 -59.87268143867931 -36.90610830719839 55.32248865646924 43.93036100752737 -49.88050805952321 -50.2806369789875 43.630189428526 55.85405560859736 -36.66807483275449 -60.55973201023823 29.10230834436473 64.32025777612432 -21.05095680487136 -67.07297250690358 12.64016770885862 68.77100526191688 -4.002192940759255 -69.38406865982013 -4.726690678476272 68.89899223417308 13.40833133943948 -67.31998574825802 -21.90488876896605 64.66862743341217 30.08102272630179 -60.98357646904386 -37.80604872329263 56.32001340028673 44.95602663374431 -50.74881652274879 -51.41574881521849 44.35548648314158 57.08059585698378 -37.23883538141939 -61.85823007165009 29.50946045318186 65.67009933148138 -21.28802589419883 -68.45272677661536 12.70337951038131 70.15876524837172 -3.890533583639875 -70.75779897115316 -5.011458408700009 70.23687896679554 13.86169583003183 -68.60078287274355 -22.51966105805161 65.87199418351655 30.84745049718437 -62.09040037612792 -38.71197100737541 57.31271384298785 45.98706676825354 -51.61162397112526 -52.55554259387563 45.07469300163223 58.31105125308083 -37.80301241159928 -63.15981441149088 29.90964041630585 67.02214935966887 -21.51784472779758 -69.83377669155966 12.75917787360094 71.5468875001765 -3.771415121644158 -72.13095241131784 -5.303612668705886 71.57325882225918 14.32225718237052 -69.8791669872578 -23.14132645284358 67.07208002844693 31.62035834307997 -63.19312747889133 -39.62385760688363 58.30056651282153 47.02346090405089 -52.46890951402445 -53.69999517839979 45.78779100547904 59.54539639736623 -38.36059114172507 -64.46445776955503 30.30283688329317 68.37637917172596 -21.74040556626983 -71.2160925885545 12.80755879280693 72.93534184983258 -3.644837346206589 -73.50349878645933 -5.603149866615953 72.90810205871631 14.79000806104712 -71.15510927316031 -23.76987399048217 68.26885752932873 32.39973184735516 -64.29173215301442 -40.54169087986344 59.28354800594722 48.06518845327292 -53.32065233885824 -54.84908336117702 46.49476260316315 60.78360583016343 -38.91155688485739 -65.77213283746103 30.68903860442342 69.73276004317687 -21.95570077536747 -72.59964478210739 12.84851837024601 74.3240981211477 -3.510800157797198 -74.87540790774663 -5.910066302134169 74.24137895298482 15.26494102447206 -72.42858094383162 -24.40529260603651 69.46229929219564 33.1855564970116 -65.38618883116037 -41.46545309508313 60.26163498676368 49.11222874741888 -54.16683171148537 -56.00278386389794 47.19558999047828 62.02565403202313 -39.45589504877028 -67.08281225895848 31.06823443080032 71.09126321438529 -22.16372282612507 -73.98440356481096 12.88205281605736 75.71312612957932 -3.369303565876313 -76.24664959173963 -6.224358166567243 75.5730598009163 15.74704852513517 -73.69955324501318 -25.047571132696 70.65237796821889 33.97781768281258 -66.47647200328112 -42.39512643234069 61.23480418810547 50.16456103758436 -55.00742697634386 -57.16107333764394 47.89025545071644 63.27151542400197 -39.99359113632173 -68.3964686302824 31.44041331446223 72.45185989089757 -22.36446429481013 -75.37033920766811 12.90815844861008 77.10239568264493 -3.220347689089183 -77.61719366075845 -6.54602154291522 76.90311491775242 16.23632290964476 -74.96799745516364 -25.69669830176879 71.83906625416726 34.77650069950116 -67.5625562169393 -43.33069298261967 62.20303241170644 51.22216449474833 -55.84241755674054 -58.32392836338453 48.57874135486189 64.52116436800029 -40.52463074544814 -69.71307450047722 31.80556430856957 73.81452124374836 -22.55791786330127 -76.75742196052927 12.92683169423517 78.49187658023787 -3.063932755049633 -78.98700994325087 -6.875052405897171 78.23151463849538 16.73275641869221 -76.23388488584516 -26.35266274312703 73.02233689263156 35.58159074584656 -68.64441607768511 -44.27213474831549 63.16629652828962 52.28501820998287 -56.67178295522063 -59.49132545206093 49.26103016182366 65.77457516704142 -41.04899956954028 -71.03260237167042 32.16367656753013 ]
	 )
	 ( "error"
	   [ 25.34061311822743 38.30101621135813 -9.997555043458771 -33.64349280842183 7.262269565843605 32.44361385231755 -9.213809950052365 -42.64609589091015 -8.000708188747684 31.13174950388518 2.021859081512037 -36.01286075555073 -6.723907094585602 32.57455225538229 6.543281795885596 -45.20380128831879 -34.66511495112449 17.87994911601749 12.1910960166272 -34.57390245060002 -28.10630153078024 20.73687911438671 22.22435031184221 -30.30051692263262 -42.13386266401489 6.619397454181705 22.03128924899971 -26.23011573093442 -49.07341758378345 -0.5942742462913362 30.84050071059428 -7.130941604930552 -36.75168547890591 -3.231169770659374 30.81586076191452 -5.937610598672092 -52.1382436441078 -19.91706803171115 30.57373346897237 13.34779103080589 -30.73118422186669 -16.24387883733136 33.30292528852419 22.55096496858599 -30.95734066725975 -28.07918261128696 24.61721911848266 28.34588570481219 -24.05470127959168 -30.473389313655 24.69264702726665 45.46012602935119 0.1345782425440572 -26.98052432683754 15.48145980198382 40.46364286187543 -6.52986962802459 -36.48709090255749 6.800262908873714 50.82804345944015 21.49864594490277 -24.37500223476433 2.056560299975294 47.60751424134146 23.05960115532212 -28.20060082722566 -12.69403324207872 39.30393278160764 28.94628270537909 -22.14185700264907 -16.30046064730247 41.28266135233797 48.29661778953074 -11.11444933893851 -27.15506237795032 20.68245517580014 33.07675217556878 -14.18268689562242 -34.5326456753913 17.2127432154114 51.05656360710902 3.589048710306563 -35.31837724972456 1.602582922673998 39.49182342102521 3.196373772442523 -43.63216575406946 -15.66959584373794 32.27546856165274 11.65623394347609 -38.12866439492213 -18.91608570586687 38.23168221000155 22.99411060744063 -38.39291154015356 -41.01602623267758 10.03576026630365 18.39041565713826 -33.64316726430754 -40.98434082243804 17.85290623347313 33.44377165309777 -21.91386452231287 -49.63615103207333 -2.741189679932205 28.08875796404504 -18.20180998317481 -55.84846944593241 -15.08276699478596 30.92000721952681 -1.543090677361088 -45.10285630252891 -11.38893398140153 35.20036855953287 6.941443949627564 -51.65850972435587 -39.03687443630467 22.71642069557194 18.02457023712025 -34.52956623961512 -26.49487820730242 29.97088542636019 32.69655764330522 -27.10798821743394 -40.90988552934146 16.08957716408511 35.59417222379398 -18.28537490712426 -43.81694091856095 11.46079416231833 48.03446996819154 4.912400397416457 -29.49586484715383 8.686244016271431 48.33415701610986 6.964292723160469 -46.0795472661656 -9.709312162809455 48.40957178254553 29.31309783539454 -21.31243988639606 -6.349734864731047 49.47129760607958 36.81459983475644 -25.42802785959075 -22.98182382083841 37.03455188037982 41.74141492335538 -18.23218470632166 -27.57708600348624 33.87746887128736 56.83022276731183 3.957994681382672 -28.50938037362544 18.69499240083286 46.81460621104518 -7.338560278875097 -42.8395390329758 5.24006341096748 55.05513551480465 21.30222813420163 -32.82802339668442 -4.729611201253474 46.02046833440516 17.19316286192305 -41.63119276157772 -24.80572292052908 34.35736305084198 23.01831612131864 -36.17327722704765 -31.1547432798219 33.39597621664294 41.07850547662547 -26.48072585648795 -45.45210373607967 8.696621886711609 23.34924002470667 -29.77208136693703 -53.15994668364958 5.656426428773832 45.02105345845283 -8.551449072204422 -53.31214520821504 -11.90812989919345 31.51495286492901 -7.831982599653879 -60.04866168551338 -27.56438996049405 28.48783965280822 6.208010455346299 -50.01486723285174 -28.3838950498234 37.07575553088409 21.71731957615275 -46.70661801748854 -49.12412639700169 9.962096163232939 21.45212159886982 -36.0634182697891 -43.71620114193669 24.0784542111339 42.93189504959069 -18.93671398570327 -50.39906005809356 2.878743765500778 39.83993952914523 -10.63090596848362 -52.26184758452541 -5.144009283555133 47.50032041200899 11.48160037306243 -38.02530355790559 -0.3625101770986507 53.10990717740194 22.29640798490258 -43.68604283427746 -29.61741522191486 40.479388984171 36.04998604603636 -23.20077524736999 -14.65842737280948 48.18618205991891 51.07762378207937 -17.21126700415425 -34.37433769100689 29.67888764909105 52.28537203891166 -8.286316708365597 -37.79224675197531 22.73799708161082 63.12370342361352 13.49525469092946 -27.27913385849752 14.32583188131325 58.55884583574473 11.58405452502721 -49.51105169423153 -10.13893607016579 54.67346701410332 32.85355485656924 -25.37378769178236 -10.87004975309805 50.47969244644239 35.30364817239853 -36.46027741607843 -34.77787651228107 32.37977697533086 38.05803581509111 -29.62688822314248 -42.10780740282683 25.53324572857532 50.77128000694742 -9.629971637983044 -46.99298721775958 5.466013676109885 37.4546948460245 -23.15447356299192 -63.46321667291942 -9.855454803980647 46.70573191053901 9.516285873390103 -51.89159874969506 -21.20313466650826 35.88162157562059 3.992978962625667 -60.97425638432564 -41.51654299589816 26.31337809871799 15.62629989266277 -50.44442772894192 -45.17771828954381 27.56413780790297 37.31126189992931 -36.95141402796051 -57.59778744790478 4.224911785177827 22.7010392140466 -35.11023112182136 -60.57675581648282 6.324581460698143 52.44357346787334 -6.394623976990515 -56.39228743002079 -9.889902599735391 39.90520331218157 -1.786982357422208 -58.90477561922059 -21.46842508868252 43.33342569953091 19.39881248620895 -43.4578197427638 -19.71296089117028 53.94196239775948 38.30591864187019 -37.48290713205657 -40.17673062064599 26.61385376911536 40.56353215795572 -23.23973955365186 -32.19935026194701 43.66370137613451 64.71625910184233 -4.807452705061868 -41.36696274099155 16.99043633629663 58.99732819541224 3.234464155805696 -43.71555549507988 8.417728097318765 66.20296596914643 25.15792505219452 -31.98586382804794 7.878525972777036 67.00428196811623 32.4906277822255 -42.22110692189819 -28.16180284209089 49.05136753317274 43.79039567202852 -23.42166358351492 -15.79094272296427 52.40897131924516 54.61629158215663 -23.13616329801675 -44.82956073935857 25.80610445974386 51.24636289755116 -16.36541356298226 -50.40691340360802 15.01142953433715 59.06468808163996 2.760091362783244 -44.77330597568572 0.5803789214392645 49.94712127627033 -2.053121367245819 -70.83890049909472 -27.87834033995902 44.42567567977778 20.76545894826733 -44.38137871648393 -29.44428402211283 38.51342621998687 22.0311554247034 -58.2110296489322 -55.94316322074383 19.85556905351683 28.17925484124141 -45.6715591028831 -60.09663517298737 15.02739940368495 44.05079279690784 -22.45839268324728 -63.2452291701223 -4.007677131835015 33.59409739611118 -31.75143850552192 -75.67095891953747 -15.34175778985583 49.38153297196566 10.20328525063758 -57.5593000078492 -23.41713646945717 41.0771945502224 7.287995614411575 -63.04257210422361 -40.28418728280293 37.06744592888859 28.02180841881516 -44.84846088823485 -39.40992049815796 41.59659917960872 53.65665266049732 -27.38465714504364 -49.97212254886514 19.36228148431847 41.70363003067325 -21.44912509256859 -49.85966573955906 24.31250438175707 76.59200146874694 11.45422883706714 -45.03751262367976 5.301517506649217 60.42957311756361 15.27985923961624 -48.06986783731697 -7.072420297745952 65.29903797713587 38.15251045103079 -33.09505682335399 -9.105404120819742 71.06166002776169 53.85514331177711 -30.76035950247226 -35.34888246876555 37.67688782961967 52.74495873901941 -18.81443295523895 -30.74064915258165 51.63405259630159 73.77912661535984 -4.5835902729082 -47.63826319083981 14.45107849234796 60.93423520216376 -0.7126710536906327 -53.79707481833932 2.530828126273036 65.02015049579825 18.54550998660768 -46.85680900505356 -5.473506571570143 59.61232698530884 21.79282173195634 -61.45355183211849 -47.32162985487678 37.58482049510204 32.20524939622872 -42.42347910947886 -35.31700820793629 39.20477088142907 41.87048502759831 -44.32940894278293 -69.72887724466693 8.935184015422269 38.85991466957754 -34.21770758525139 -71.43490468258739 0.2056949956276242 49.48126207906333 -11.9664185257966 -64.94909168161415 -14.18412734730579 42.20142701235611 -12.90474028522471 -87.67985369870188 -39.76125599809903 41.61435994405404 17.78222996201485 -52.81497613119333 -36.3153759508987 39.56442746090939 23.22683872336669 -64.21045298316749 -60.41904875119276 25.10671016361332 37.33829554446277 -41.54158671119738 -57.70816034352772 25.20294944017331 58.52091390373817 -13.66260303943141 -57.865079441649 8.207790591452046 51.70018284079647 -18.12498781808253 -66.32506238713631 0.04846863102352383 72.47920877425473 30.8928454696532 -44.31446476302334 -7.871415226275712 63.08977936906319 26.54655536374944 -50.41599627031987 -25.73987298527864 59.93501934988981 51.46987863517675 -29.97317808542066 -26.29460970152175 61.19197639008785 73.95745424362191 -15.4068336206684 -41.67255519983578 33.53702300444932 58.31255349549154 -11.83847280663968 -45.06472137988969 34.55429406274848 91.39122182300622 18.56154097671656 -46.04003030449852 6.511654482702853 65.57105197562846 16.1008152967304 -54.56166180721758 -11.14759659213457 67.85879726208678 36.82289859737757 -43.69152779492849 -20.44807326884569 65.42412051777936 46.79770551023632 -46.66047738124671 -53.31890949818574 25.91337082133388 42.57618325908528 -36.38714616126291 -51.12107689378222 38.02399705824269 62.26428506202768 -24.00865190934963 -72.84487172027181 -6.26314918531528 46.2536565392609 -19.73889702379669 -77.6427477094463 -15.81443333035552 52.93092412594621 2.615769469022466 -69.67362778460829 -25.46449715125286 47.56006304106187 8.504270808235994 -81.40524166073675 -65.44505471150899 28.87052260293426 25.22715380271094 -55.12942736158202 -47.01824360765379 35.37169912566182 40.22032500907979 -52.82591195510634 -80.52411483621383 7.496219706734987 43.43952886758093 -33.64289538088729 -72.79017524916763 5.642291574983172 60.93099227062206 -4.887034650885573 -62.76973943664213 -6.269281595597377 57.6815281212615 0.05391075170215842 -80.34350472845667 -27.94396966203613 62.23535449925736 38.05516899709035 -38.36620587331171 -21.27693457473964 61.73510188235827 44.89200941948782 -50.55596439672433 -46.54664395928027 47.54570314296396 62.70352865508873 -22.30975625387228 -42.14394769114125 46.72633872798743 82.71756909907208 3.166204402268473 -46.25397661322903 24.89720226778938 72.74456370882201 -3.113075635461216 -57.63716860716233 12.72627051236125 91.03218587114108 45.24435995992798 -39.21946509871067 -2.353599447359841 73.4052931942656 32.53146118991746 -52.41146022757475 -27.28340222924026 65.43141234171927 56.40382370410976 -34.76089748855975 -34.15231941627316 58.64881930993772 71.13354392653905 -26.82164755007801 -57.22823933521077 23.49131365657963 50.54278147458219 -26.50131401457315 -64.65400907158978 20.34528419586118 81.89457847410031 2.150101796520413 -70.00774183623773 -14.70170858953313 49.05278728886843 -3.30714645607574 -80.06859816046966 -33.09129044298886 53.90526096444089 20.55915681041408 -67.83980022177258 -44.07841333331269 48.9449973873339 31.0561906896636 -69.25135742611541 -76.14816539430812 11.26598196447696 31.51770836653503 -52.97656185283012 -68.84035880832714 28.84954176826253 57.15362706635131 -35.13145164831519 -88.06733148401823 -15.26805540192684 45.07543446845625 -23.48511141689506 -84.65433481863111 -15.78430451996243 60.30133334607626 7.270627404731983 -70.99773472957618 -23.12268279689489 58.6832613270688 19.32808454154389 -76.50408673221631 -58.09413106487961 45.59551659576397 43.79511536628576 -42.34614225314313 -33.44948900854862 56.23033404931357 62.86403118265787 -37.54681229624318 -68.25761922697178 28.05959861909428 69.16976481862791 -12.83883308581819 -55.05400664700062 28.36734312999009 88.08797235797454 16.30391701595698 -48.29810488156227 12.11979028101996 82.0396822566446 20.33605372000995 -67.45487038263636 -12.80786392050352 84.14967596850552 57.69101692961423 -26.68094929625717 -11.09737731145615 77.13245015495562 58.01194569626983 -47.38160242706044 -44.925248310356 56.10526002460668 72.74189101551011 -19.97189990971518 -45.10179301741847 48.19457070256654 85.53398853811787 -2.779096657160292 -58.18900149567966 17.30998019472364 69.00371694654191 -13.40855855003604 -74.67355766165481 -0.7516797409879494 83.21972992803202 33.06326646619827 -60.31328667701902 -22.75057511619376 58.28770239150779 13.66085173255186 -78.21054847388668 -51.69919298634622 49.16731674889171 40.83229675565382 -58.72049613451573 -60.01200427098528 39.41535944079934 53.11254236059232 -51.37919627022949 -84.06881398978995 4.112729571327748 35.60052076803004 -46.32945106346357 -87.61832517924607 4.592139108617547 72.90673507214537 -11.59453942918042 -89.37429617471977 -29.39504256016301 41.19511405988263 -11.9834327940284 -92.98900298447768 -40.66422055804138 56.31405810552768 22.1339231671834 -72.86855008955686 -47.42951807277658 54.08471155666338 38.23606039091567 -67.78007201428889 -73.93879464968109 22.77475970158568 47.03754381670958 -42.68367801018762 -59.57031307466764 46.86479925534044 79.13303616918988 -19.33090917425847 -76.75033770590238 1.922340921547011 69.42330706043202 -2.386204830529542 -67.72542619249565 7.265301801100144 89.21049238096595 32.0277997772 -53.87197686635687 -4.054943203814954 84.93021138028053 43.7710312709598 -59.68315137134884 -40.64485294940828 70.2501820548174 68.26872273785148 -25.84239079867391 -18.51039602870761 76.33750873834967 82.81710369257559 -27.01491447553677 -62.99230077304391 39.66852099486887 84.20132485660781 -4.543886105748584 -51.8547917662805 34.66145636060823 97.14232142015059 17.70968347071536 -55.51787080912755 7.706366812294937 82.70573097602858 16.08166589649756 -80.16298967740067 -24.0939327176255 79.0230912307474 49.7656057927991 -43.27160904583658 -29.23038541935586 64.35942325663061 43.24905816164979 -71.96305179673814 -70.39813004553578 38.37176685532704 57.47159494111501 -42.07494350670626 -71.47975496858996 27.35519300823163 67.36470561674393 -28.4535525368868 -88.02673697790387 -6.315548849784765 51.311378856091 -35.5786740438022 -101.7299594131764 -22.41322669303805 69.28147036992468 16.86023896411211 -83.27913038014896 -42.94288020620677 45.65783537027663 -0.3397791638421523 -97.00768151983162 -67.10466372506102 44.10021622971608 38.79050287320896 -67.4986394488225 -69.20471052600908 38.47339892169475 55.19126166429055 -54.28413405388366 -87.90217841363852 9.18685979068248 46.76621612113549 -39.35307403430393 -83.29942917992172 16.63797342645295 92.45616726406587 3.428261338133465 -79.96691244071266 -15.32705149400386 62.3074189597438 7.923001417064874 -77.92929921034823 -20.93373639050584 85.555603922377 49.32610957337266 -53.68864545237834 -28.10511232522806 80.54457074915771 65.33802855842615 -47.94403647920217 -55.08884284846729 49.33824889299249 75.54737805771255 -21.58061251936684 -41.86863116199467 71.02323193670819 ]
	 )
	)
)
   ( "Meter"
	(record
	 ( "Freq"
	   [ 18000 18110 18220 18330 18440 18550 18660 18770 18880 18990 19100 19210 19320 19430 19540 19650 19760 19870 19980 20090 20200 20310 20420 20530 20640 20750 20860 20970 21080 21190 21300 21410 21520 21630 21740 21850 21960 22070 22180 22290 22400 22510 22620 22730 22840 22950 23060 23170 23280 23390 23500 23610 23720 23830 23940 24050 24160 24270 24380 24490 24600 24710 24820 24930 25040 25150 25260 25370 25480 25590 25700 25810 25920 26030 26140 26250 26360 26470 26580 26690 26800 26910 27020 27130 27240 27350 27460 27570 27680 27790 27900 28010 28120 28230 28340 28450 28560 28670 28780 28890 29000 29110 29220 29330 29440 29550 29660 29770 29880 29990 30100 30210 30320 30430 30540 30650 30760 30870 30980 31090 31200 31310 31420 31530 31640 31750 31860 31970 32080 32190 32300 32410 32520 32630 32740 32850 32960 33070 33180 33290 33400 33510 33620 33730 33840 33950 34060 34170 34280 34390 34500 34610 34720 34830 34940 35050 35160 35270 35380 35490 35600 35710 35820 35930 36040 36150 36260 36370 36480 36590 36700 36810 36920 37030 37140 37250 37360 37470 37580 37690 37800 37910 38020 38130 38240 38350 38460 38570 38680 38790 38900 39010 39120 39230 39340 39450 39560 39670 39780 39890 40000 ]
	 )
	 ( "dBm"
	   [ -8.070335741874938 1.649087043126995 7.885051136612525 -2.521079047442132 16.7676233309513 2.58889107753978 10.52582167318256 13.30933204799289 -0.9468607726848013 14.87584962794091 -3.724486663393223 1.528122084030123 1.577886385445269 -14.15268815792927 1.9565235692513 -16.23002731794103 -8.172581482159165 -5.277942901814444 -17.25118039155938 3.457402450070615 -11.29152008380464 1.016310614417262 6.413620874716699 -3.836056071293664 17.83792359771227 1.660574187023901 12.56742157781806 14.49568962608369 0.3159647858890839 18.07039533671305 -3.138445514744441 4.399331280773221 2.673850018692053 -13.71790453936728 3.514627714143229 -17.89757607725582 -7.906530241315376 -7.053830880668602 -19.51136363700406 2.601115710900285 -14.81606873709158 0.2161064501517931 4.317503452077889 -5.452301680092036 18.38922809462611 0.2426413103269333 14.4383155907279 15.24837322607119 1.649643999078639 21.25003185912739 -2.429141540723367 7.745493723240945 3.966524020779757 -12.65203261378772 5.480929323281869 -19.17287736547652 -7.096662456923314 -8.759987730019253 -21.45029849568544 1.672893483629132 -18.53340889861148 -0.6981880206576916 1.632229258032601 -7.345324496841631 18.37187938063125 -1.695532182269397 16.04630530079659 15.46867018941809 2.965494458976584 24.28523604733566 -1.666773779926003 11.47769983887996 5.405435835100596 -10.95743098042409 7.844371212088915 -19.98677736613927 -5.685453235082132 -10.30451463729187 -22.94766017339669 0.7553059381256099 -22.31901735130941 -1.658134159312816 -1.582735006352876 -9.470295125692653 17.75866866193289 -4.164130344839459 17.31151077019539 15.06986405131962 4.175113192959494 27.04277892015565 -0.9312336167935228 15.48825592621871 6.922758125323854 -8.661116853399228 10.5721506712975 -20.2895612868718 -3.634454772106487 -11.60380284813528 -23.89020536314661 -0.06614816493531361 -26.03856320983414 -2.5829727043801 -5.245687254425792 -11.76263746229799 16.54615661907516 -7.150868724663213 18.16993628484235 13.9814471350457 5.19475042554782 29.39058477527945 -0.3082867334843831 19.6541373623668 8.43548941543153 -5.81413048854455 13.60945451707987 -20.05316957523819 -0.9272225450616607 -12.58651608313225 -24.17648792177283 -0.7073748208875587 -29.55252730607915 -3.383054336316302 -9.255253699737121 -14.13950205089093 14.75508763267572 -10.61978808233486 18.57641919555684 12.15288023400415 5.949550802581156 31.20270226499619 0.1146201892347508 23.84108746764594 9.848395389857995 -2.48997906831621 16.88009975426494 -19.27257514025182 2.428492356613063 -13.19710652442079 -23.72130374400237 -1.090060084646692 -32.72113820528858 -3.963796596844635 -13.49373338870355 -16.50208807944288 12.42987187207383 -14.51094077485813 18.50684109567891 9.556746297051184 6.377491269135342 32.36420746404905 0.2527665761021963 27.90822311078546 11.05761384148616 1.217794027928832 20.28808234158698 -17.96625980666988 6.399389155321689 -13.39872012961475 -22.45969408959089 -1.145912490107197 -35.40945107987075 -4.230021544064808 -17.8311125018841 -18.73874807063729 9.637143428391878 -18.74100928382775 17.95950661052811 6.191164148397069 6.432854036773914 32.77585840369592 0.02860677768721143 31.71298799883368 11.95479942380105 5.198836449283842 23.72000290157748 -16.17576065091702 10.926177448699 -13.17536810323431 -20.35034940222156 -0.8206001456748545 -37.49238783519033 -4.090511485914578 -22.12961179853046 -20.72877878261208 6.463436432387503 -23.20486295744453 16.95562482039428 2.081352370384521 6.08908824207667 32.35832635471301 -0.6239160544673541 35.11627986334331 12.43166162153938 9.329902703709733 27.04830512261287 -13.96429068382799 15.92409567875159 -12.53326702974544 -17.3782742208681 -0.07721873116882852 -38.85955536917805 ]
	 )
	)
)
  )
)
)
