(schema
 (numFields 7)
 (fieldName "DetectorModel"
  (type Text)
 )
 (fieldName "DetectorSN"
  (type Text)
 )
 (fieldName "Tech"
  (type Text)
 )
 (fieldName "Bench"
  (type Text)
 )
 (fieldName "Date"
  (type Real64)
 )
 (fieldName "Scalar"
  (type Record)
  (schema
   (numFields 3)
   (fieldName "Freq"
	(type Real64)
	(numDims 1)
	(size 801)
   )
   (fieldName "dBm"
	(type Real64)
	(numDims 1)
	(size 801)
   )
   (fieldName "error"
	(type Real64)
	(numDims 1)
	(size 801)
   )
  )
 )
 (fieldName "Meter"
  (type Record)
  (schema
   (numFields 2)
   (fieldName "Freq"
	(type Real64)
	(numDims 1)
	(size 801)
   )
   (fieldName "dBm"
	(type Real64)
	(numDims 1)
	(size 801)
   )
  )
 )
)

(record
 ( "DetectorModel" "85025D")
 ( "DetectorSN" "US38013041")
 ( "Tech" "sapplen")
 ( "Bench" "U4")
 ( "Date" 63867917519.47)
 ( "Scalar"
  (record
   ( "Freq"
	 [ 1000 1048.75 1097.5 1146.25 1195 1243.75 1292.5 1341.25 1390 1438.75 1487.5 1536.25 1585 1633.75 1682.5 1731.25 1780 1828.75 1877.5 1926.25 1975 2023.75 2072.5 2121.25 2170 2218.75 2267.5 2316.25 2365 2413.75 2462.5 2511.25 2560 2608.75 2657.5 2706.25 2755 2803.75 2852.5 2901.25 2950 2998.75 3047.5 3096.25 3145 3193.75 3242.5 3291.25 3340 3388.75 3437.5 3486.25 3535 3583.75 3632.5 3681.25 3730 3778.75 3827.5 3876.25 3925 3973.75 4022.5 4071.25 4120 4168.75 4217.5 4266.25 4315 4363.75 4412.5 4461.25 4510 4558.75 4607.5 4656.25 4705 4753.75 4802.5 4851.25 4900 4948.75 4997.5 5046.25 5095 5143.75 5192.5 5241.25 5290 5338.75 5387.5 5436.25 5485 5533.75 5582.5 5631.25 5680 5728.75 5777.5 5826.25 5875 5923.75 5972.5 6021.25 6070 6118.75 6167.5 6216.25 6265 6313.75 6362.5 6411.25 6460 6508.75 6557.5 6606.25 6655 6703.75 6752.5 6801.25 6850 6898.75 6947.5 6996.25 7045 7093.75 7142.5 7191.25 7240 7288.75 7337.5 7386.25 7435 7483.75 7532.5 7581.25 7630 7678.75 7727.5 7776.25 7825 7873.75 7922.5 7971.25 8020 8068.75 8117.5 8166.25 8215 8263.75 8312.5 8361.25 8410 8458.75 8507.5 8556.25 8605 8653.75 8702.5 8751.25 8800 8848.75 8897.5 8946.25 8995 9043.75 9092.5 9141.25 9190 9238.75 9287.5 9336.25 9385 9433.75 9482.5 9531.25 9580 9628.75 9677.5 9726.25 9775 9823.75 9872.5 9921.25 9970 10018.75 10067.5 10116.25 10165 10213.75 10262.5 10311.25 10360 10408.75 10457.5 10506.25 10555 10603.75 10652.5 10701.25 10750 10798.75 10847.5 10896.25 10945 10993.75 11042.5 11091.25 11140 11188.75 11237.5 11286.25 11335 11383.75 11432.5 11481.25 11530 11578.75 11627.5 11676.25 11725 11773.75 11822.5 11871.25 11920 11968.75 12017.5 12066.25 12115 12163.75 12212.5 12261.25 12310 12358.75 12407.5 12456.25 12505 12553.75 12602.5 12651.25 12700 12748.75 12797.5 12846.25 12895 12943.75 12992.5 13041.25 13090 13138.75 13187.5 13236.25 13285 13333.75 13382.5 13431.25 13480 13528.75 13577.5 13626.25 13675 13723.75 13772.5 13821.25 13870 13918.75 13967.5 14016.25 14065 14113.75 14162.5 14211.25 14260 14308.75 14357.5 14406.25 14455 14503.75 14552.5 14601.25 14650 14698.75 14747.5 14796.25 14845 14893.75 14942.5 14991.25 15040 15088.75 15137.5 15186.25 15235 15283.75 15332.5 15381.25 15430 15478.75 15527.5 15576.25 15625 15673.75 15722.5 15771.25 15820 15868.75 15917.5 15966.25 16015 16063.75 16112.5 16161.25 16210 16258.75 16307.5 16356.25 16405 16453.75 16502.5 16551.25 16600 16648.75 16697.5 16746.25 16795 16843.75 16892.5 16941.25 16990 17038.75 17087.5 17136.25 17185 17233.75 17282.5 17331.25 17380 17428.75 17477.5 17526.25 17575 17623.75 17672.5 17721.25 17770 17818.75 17867.5 17916.25 17965 18013.75 18062.5 18111.25 18160 18208.75 18257.5 18306.25 18355 18403.75 18452.5 18501.25 18550 18598.75 18647.5 18696.25 18745 18793.75 18842.5 18891.25 18940 18988.75 19037.5 19086.25 19135 19183.75 19232.5 19281.25 19330 19378.75 19427.5 19476.25 19525 19573.75 19622.5 19671.25 19720 19768.75 19817.5 19866.25 19915 19963.75 20012.5 20061.25 20110 20158.75 20207.5 20256.25 20305 20353.75 20402.5 20451.25 20500 20548.75 20597.5 20646.25 20695 20743.75 20792.5 20841.25 20890 20938.75 20987.5 21036.25 21085 21133.75 21182.5 21231.25 21280 21328.75 21377.5 21426.25 21475 21523.75 21572.5 21621.25 21670 21718.75 21767.5 21816.25 21865 21913.75 21962.5 22011.25 22060 22108.75 22157.5 22206.25 22255 22303.75 22352.5 22401.25 22450 22498.75 22547.5 22596.25 22645 22693.75 22742.5 22791.25 22840 22888.75 22937.5 22986.25 23035 23083.75 23132.5 23181.25 23230 23278.75 23327.5 23376.25 23425 23473.75 23522.5 23571.25 23620 23668.75 23717.5 23766.25 23815 23863.75 23912.5 23961.25 24010 24058.75 24107.5 24156.25 24205 24253.75 24302.5 24351.25 24400 24448.75 24497.5 24546.25 24595 24643.75 24692.5 24741.25 24790 24838.75 24887.5 24936.25 24985 25033.75 25082.5 25131.25 25180 25228.75 25277.5 25326.25 25375 25423.75 25472.5 25521.25 25570 25618.75 25667.5 25716.25 25765 25813.75 25862.5 25911.25 25960 26008.75 26057.5 26106.25 26155 26203.75 26252.5 26301.25 26350 26398.75 26447.5 26496.25 26545 26593.75 26642.5 26691.25 26740 26788.75 26837.5 26886.25 26935 26983.75 27032.5 27081.25 27130 27178.75 27227.5 27276.25 27325 27373.75 27422.5 27471.25 27520 27568.75 27617.5 27666.25 27715 27763.75 27812.5 27861.25 27910 27958.75 28007.5 28056.25 28105 28153.75 28202.5 28251.25 28300 28348.75 28397.5 28446.25 28495 28543.75 28592.5 28641.25 28690 28738.75 28787.5 28836.25 28885 28933.75 28982.5 29031.25 29080 29128.75 29177.5 29226.25 29275 29323.75 29372.5 29421.25 29470 29518.75 29567.5 29616.25 29665 29713.75 29762.5 29811.25 29860 29908.75 29957.5 30006.25 30055 30103.75 30152.5 30201.25 30250 30298.75 30347.5 30396.25 30445 30493.75 30542.5 30591.25 30640 30688.75 30737.5 30786.25 30835 30883.75 30932.5 30981.25 31030 31078.75 31127.5 31176.25 31225 31273.75 31322.5 31371.25 31420 31468.75 31517.5 31566.25 31615 31663.75 31712.5 31761.25 31810 31858.75 31907.5 31956.25 32005 32053.75 32102.5 32151.25 32200 32248.75 32297.5 32346.25 32395 32443.75 32492.5 32541.25 32590 32638.75 32687.5 32736.25 32785 32833.75 32882.5 32931.25 32980 33028.75 33077.5 33126.25 33175 33223.75 33272.5 33321.25 33370 33418.75 33467.5 33516.25 33565 33613.75 33662.5 33711.25 33760 33808.75 33857.5 33906.25 33955 34003.75 34052.5 34101.25 34150 34198.75 34247.5 34296.25 34345 34393.75 34442.5 34491.25 34540 34588.75 34637.5 34686.25 34735 34783.75 34832.5 34881.25 34930 34978.75 35027.5 35076.25 35125 35173.75 35222.5 35271.25 35320 35368.75 35417.5 35466.25 35515 35563.75 35612.5 35661.25 35710 35758.75 35807.5 35856.25 35905 35953.75 36002.5 36051.25 36100 36148.75 36197.5 36246.25 36295 36343.75 36392.5 36441.25 36490 36538.75 36587.5 36636.25 36685 36733.75 36782.5 36831.25 36880 36928.75 36977.5 37026.25 37075 37123.75 37172.5 37221.25 37270 37318.75 37367.5 37416.25 37465 37513.75 37562.5 37611.25 37660 37708.75 37757.5 37806.25 37855 37903.75 37952.5 38001.25 38050 38098.75 38147.5 38196.25 38245 38293.75 38342.5 38391.25 38440 38488.75 38537.5 38586.25 38635 38683.75 38732.5 38781.25 38830 38878.75 38927.5 38976.25 39025 39073.75 39122.5 39171.25 39220 39268.75 39317.5 39366.25 39415 39463.75 39512.5 39561.25 39610 39658.75 39707.5 39756.25 39805 39853.75 39902.5 39951.25 40000 ]
   )
   ( "dBm"
	 [ -56.404 -56.272 -56.605 -57.448 -56.992 -57.651 -57.247 -59.37 -56.453 -57.862 -57.846 -55.662 -57.698 -59.112 -58.538 -58.294 -57.813 -56.352 -56.874 -58.599 -57.396 -57.709 -56.973 -57.95 -56.256 -55.822 -55.36 -55.989 -55.662 -57.678 -58.349 -58.494 -56.654 -55.053 -55.888 -56.893 -56.706 -56.313 -57.003 -57.643 -59.002 -54.888 -56.08 -57.695 -58.64 -57.448 -57.824 -55.962 -57.434 -57.964 -56.198 -58.079 -55.171 -57 -58.228 -57.983 -57.596 -57.736 -57.497 -57.552 -58.343 -57.008 -58.601 -56.135 -55.748 -57.835 -56.761 -55.981 -57.074 -56.355 -55.687 -55.976 -57.255 -56.739 -55.871 -54.715 -58.456 -57.851 -56.102 -55.849 -56.797 -58.173 -57.225 -58.137 -56.712 -59.011 -57.008 -58.044 -57.132 -57.536 -57.453 -58.404 -57.461 -56.467 -57.338 -56.404 -57.709 -56.283 -56.981 -56.731 -55.86 -55.978 -58.706 -57.085 -56.953 -56.39 -56.756 -55.841 -56.58 -56.341 -56.712 -58.725 -56.794 -58.233 -59.024 -56.162 -58.077 -57.291 -57.75 -57.764 -56.865 -56.791 -56.756 -56.269 -55.948 -57.541 -57.327 -56.074 -56.429 -57.439 -57.203 -56.659 -55.511 -56.585 -56.088 -56.459 -58.662 -56.695 -56.989 -55.915 -56.484 -56.492 -56.835 -56.937 -55.693 -57.124 -58.442 -56.184 -56 -59.642 -56.451 -56.783 -57.06 -56.613 -57.42 -56.901 -57.041 -56.272 -56.665 -57.302 -57.915 -56.508 -56.989 -59.085 -57.879 -58.387 -55.511 -60.551 -59.28 -57.228 -58.019 -56.475 -57.788 -58.274 -57.709 -56.594 -56.379 -56.761 -57.071 -58.404 -55.962 -56.86 -55.215 -60.038 -58.299 -56.261 -56.621 -57.472 -55.695 -55.989 -57.527 -58.912 -58.261 -58.247 -58.61 -55.77 -56.146 -56.824 -58.423 -56.058 -56.481 -57.231 -57.577 -57.415 -57.934 -58.008 -56.846 -57.33 -58.794 -57.827 -58.121 -58.409 -57.456 -59.368 -57.777 -56.72 -57.181 -56.986 -55.009 -59.024 -57.423 -55.11 -55.783 -56.223 -57.656 -60.812 -57.071 -57.269 -57.467 -57.052 -57.439 -58.876 -58.137 -56.539 -57.132 -56.962 -56.8 -57.588 -54.984 -55.646 -58.258 -56.214 -57.448 -58.695 -60.085 -57.887 -54.462 -55.489 -58.22 -56.366 -58.453 -56.789 -58.258 -56.091 -57.179 -56.198 -57.492 -57.225 -56.289 -57.28 -57.22 -58.511 -56.75 -56.212 -59.494 -56.893 -55.97 -56.552 -57.659 -57.953 -57.879 -59.467 -58.975 -56.893 -57.478 -56.742 -57.038 -59.148 -57.143 -55.091 -56.519 -57.739 -57.461 -57.374 -57.643 -59.486 -56.824 -56.874 -57.72 -56.789 -55.588 -58.318 -56.739 -60.17 -58.673 -57.165 -56.006 -58.621 -57.294 -57.173 -57.865 -56.313 -55.487 -57.168 -59.519 -57.728 -58.502 -56.934 -58.242 -59.873 -55.893 -57.324 -57.481 -57.558 -56.953 -55.379 -55.97 -58.566 -55.646 -60.236 -57.813 -57.95 -58.508 -55.797 -56.681 -57.074 -57.434 -57.291 -57.244 -56.72 -55.275 -55.772 -55.509 -57.11 -56.931 -56.607 -57.272 -56.278 -55.989 -60.345 -58.84 -56.767 -58.404 -57.871 -59.285 -58.48 -56.805 -56.124 -56.816 -58.511 -57.11 -58.818 -59.51 -57.198 -57.407 -56.981 -57.901 -57.247 -58.719 -57.75 -59.137 -56.355 -57.739 -55.363 -56.583 -56.267 -56.184 -57.308 -56.92 -56.25 -56.97 -55.171 -58.044 -58.557 -57.181 -57.288 -57.527 -57.102 -56.072 -57.78 -56.415 -56.138 -57.47 -56.138 -55.811 -55.852 -56.484 -57.786 -56.797 -57.025 -57.041 -58.354 -56.547 -57.17 -57.264 -57.401 -56.355 -57.47 -57.547 -56 -57.662 -57.923 -56.335 -57.437 -58.34 -58.953 -56.511 -56.824 -57.11 -56.832 -56.739 -56.569 -57.766 -56.53 -56.843 -57.876 -56.135 -57.846 -58.022 -61.167 -57.555 -59.077 -58.079 -57.363 -56.168 -55.629 -57.97 -57.335 -56.014 -55.506 -58.071 -57.45 -57.429 -55.445 -55.47 -56.791 -55.237 -55.294 -56.451 -56.816 -55.973 -57.868 -56.047 -54.849 -54.976 -55.662 -56.665 -56.896 -56.341 -57.011 -59.096 -56.154 -60.859 -57.505 -55.83 -59.966 -57.821 -58.599 -58.887 -55.429 -57.678 -55.912 -58.747 -56.742 -54.371 -57.294 -57.492 -56.239 -55.141 -56.008 -56.069 -55.569 -57.626 -57.67 -57.126 -56.953 -56.758 -58.299 -57.604 -58.906 -58.612 -55.693 -56.789 -58.45 -58.612 -56.44 -56.253 -56.594 -57.258 -56.316 -58.799 -55.954 -56.19 -56.885 -57.508 -58.099 -58.2 -56.415 -56.923 -58.807 -56.091 -58.033 -58.019 -55.965 -57.884 -56.052 -55.827 -57.777 -56.176 -58.728 -56.981 -57.225 -58.835 -56.893 -57.327 -59.428 -58.368 -55.943 -54.852 -59.085 -59.576 -56.962 -56.25 -55.995 -58.022 -56.64 -57.624 -59.071 -57.239 -57.082 -56.522 -57.294 -56.981 -56.607 -57.643 -55.959 -57.066 -57.887 -56.756 -57.22 -58.555 -57.621 -57.673 -56.714 -57.379 -57.728 -56.8 -56.286 -56.64 -57.069 -56.462 -58.956 -56.168 -55.297 -58.719 -56.275 -57.591 -58.703 -57.08 -55.363 -55.41 -58.983 -58.497 -55.602 -57.45 -57.744 -56.97 -58.137 -56.437 -56.371 -57.39 -57.948 -55.64 -57.681 -56.783 -57.28 -57.448 -57.277 -56.08 -56.986 -58.019 -58.316 -56.948 -56.019 -55.525 -58.03 -56.657 -60.205 -56.462 -56.283 -56.231 -56.214 -56.566 -56.797 -56.679 -57.401 -57.291 -56.448 -57.577 -57.607 -58.739 -57.645 -56.165 -55.901 -57.206 -57.555 -56.107 -56.335 -56.926 -59.991 -57.459 -57.986 -56.813 -56.236 -54.871 -55.599 -57.656 -57.599 -55.423 -56.821 -57.228 -58.393 -58.703 -56.909 -55.401 -56.893 -56.058 -59.98 -58.997 -57.893 -56.948 -56.371 -58.016 -57.775 -56.497 -55.662 -54.91 -56.407 -55.811 -59.239 -59.423 -56.8 -58.708 -55.61 -58.39 -59.436 -58.846 -57.352 -56.986 -56.041 -57.448 -56.854 -55.355 -56.346 -57.711 -56.022 -56.934 -56.456 -55.025 -57.53 -56.701 -57.006 -56.028 -58.099 -57.827 -57.945 -57.615 -59.055 -55.525 -57.294 -60.252 -56.967 -55.624 -56.599 -56.775 -56.745 -57.519 -59.656 -57.374 -56.97 -58.063 -54.215 -56.149 -56.698 -57.602 -56.258 -57.931 -57.533 -58.989 -57.088 -57.508 -56.025 -56.94 -56.231 -56.794 -58.184 -56.245 -58.577 -56.706 -57.948 -57.681 -57.986 -56.698 -55.846 -57.483 -57.865 -55.632 -55.226 -56.846 -55.36 -55.314 -57.692 -56.898 -57.074 -56.105 -57.445 -57.376 -57.049 -56.198 -58.651 -58.5 -56.168 -56.091 -55.745 -56.253 -56.679 -57.346 -58.057 -57.044 -57.873 -56.967 -56.615 -57.159 -56.725 -57.964 -57.255 -56.964 -56.915 -55.055 -57.297 -57.481 -56.934 -56.981 -57.418 -57.434 -58.225 -56.978 -56.382 -56.418 -60.194 -55.954 -56.489 -57.025 -57.187 -54.932 -57.456 -59.524 -56.615 -57.618 -57.585 -57.835 -56.401 -55.495 -56.701 -56.316 -55.566 -57.618 -57.862 -56.072 -57.074 -57.11 -58.387 -56.044 -55.871 -56.668 -56.926 -57.742 -58.228 -56.25 -56.113 -56.594 -58.313 -57.19 -56.951 -55.525 -55.932 -58.36 -59.859 -56.278 -56.154 -57.461 -57.492 -55.654 -57.816 -56.775 -54.523 -57.577 -58.95 -57.5 -57.884 -56.747 ]
   )
   ( "error"
	 [ -33.229 -33.07299999999999 -33.389 -34.235 -33.755 -34.452 -34.051 -36.107 -33.16800000000001 -34.61 -34.619 -32.321 -34.372 -35.764 -35.196 -34.91199999999999 -34.47 -33 -33.53700000000001 -35.304 -34.048 -33.973 -33.232 -34.226 -32.51300000000001 -32.056 -31.577 -32.167 -31.82 -33.81699999999999 -34.514 -34.64 -32.803 -31.199 -32.02 -33.003 -32.821 -32.41200000000001 -33.083 -33.705 -35.06700000000001 -30.959 -32.133 -33.77200000000001 -34.691 -33.486 -33.83799999999999 -31.999 -33.46599999999999 -33.992 -32.24 -34.101 -31.183 -33.032 -34.244 -33.989 -33.583 -33.738 -33.499 -33.53 -34.336 -33.002 -34.58 -32.113 -31.731 -33.827 -32.736 -31.966 -33.04 -32.319 -31.631 -31.919 -33.181 -32.669 -31.799 -30.633 -34.352 -33.773 -32.003 -31.755 -32.67699999999999 -34.074 -33.118 -34.033 -32.59100000000001 -34.89400000000001 -32.871 -33.901 -32.97799999999999 -33.356 -33.261 -34.234 -33.282 -32.27 -33.12000000000001 -32.202 -33.496 -32.054 -32.776 -32.515 -31.602 -31.741 -34.45 -32.845 -32.679 -32.13800000000001 -32.467 -31.548 -32.292 -32.045 -32.417 -34.42700000000001 -32.527 -33.95 -34.736 -31.878 -33.807 -33.005 -33.455 -33.488 -32.52800000000001 -32.49 -32.439 -31.938 -31.64 -33.241 -33.01 -31.729 -32.111 -33.121 -32.872 -32.304 -31.192 -32.225 -31.771 -32.102 -34.358 -32.38 -32.67 -31.597 -32.143 -32.176 -32.527 -32.62 -31.359 -32.789 -34.102 -31.849 -31.647 -35.304 -32.103 -32.432 -32.71 -32.27 -33.075 -32.541 -32.697 -31.903 -32.29 -32.941 -33.536 -32.12300000000001 -32.58199999999999 -34.715 -33.464 -33.987 -31.104 -36.13500000000001 -34.883 -32.79600000000001 -33.628 -32.065 -33.354 -33.85 -33.29300000000001 -32.148 -31.946 -32.29000000000001 -32.629 -33.935 -31.488 -32.417 -30.724 -35.605 -33.799 -31.794 -32.119 -32.97 -31.201 -31.491 -33.029 -34.426 -33.74 -33.708 -34.126 -31.234 -31.622 -32.194 -33.871 -31.471 -31.934 -32.694 -33.025 -32.866 -33.381 -33.462 -32.294 -32.775 -34.215 -33.25 -33.50100000000001 -33.824 -32.851 -34.765 -33.198 -32.113 -32.56099999999999 -32.343 -30.394 -34.415 -32.8 -30.499 -31.161 -31.58 -33.014 -36.169 -32.4 -32.613 -32.788 -32.355 -32.722 -34.20099999999999 -33.451 -31.849 -32.43899999999999 -32.252 -32.087 -32.864 -30.266 -30.931 -33.518 -31.436 -32.674 -33.937 -35.312 -33.139 -29.692 -30.708 -33.42 -31.575 -33.654 -31.982 -33.453 -31.272 -32.323 -31.365 -32.655 -32.38 -31.415 -32.413 -32.293 -33.57900000000001 -31.884 -31.323 -34.583 -31.963 -31.035 -31.536 -32.72499999999999 -33.00100000000001 -32.935 -34.41 -34.015 -31.821 -32.487 -31.716 -32.042 -34.09400000000001 -32.058 -30.105 -31.43 -32.743 -32.407 -32.378 -32.544 -34.434 -31.753 -31.826 -32.635 -31.715 -30.501 -33.161 -31.651 -35.029 -33.625 -32.02 -30.922 -33.483 -32.154 -32.083 -32.76300000000001 -31.238 -30.346 -32.073 -34.355 -32.598 -33.363 -31.796 -33.07299999999999 -34.702 -30.733 -32.143 -32.339 -32.399 -31.823 -30.184 -30.798 -33.426 -30.473 -35.105 -32.648 -32.83 -33.295 -30.608 -31.456 -31.872 -32.203 -32.06999999999999 -31.996 -31.496 -30.058 -30.517 -30.309 -31.837 -31.72 -31.183 -32.042 -30.984 -30.728 -35.061 -33.545 -31.492 -33.04900000000001 -32.56100000000001 -33.902 -33.16199999999999 -31.486 -30.793 -31.427 -33.191 -31.781 -33.524 -34.18299999999999 -31.867 -32.072 -31.608 -32.54600000000001 -31.861 -33.364 -32.384 -33.74 -30.964 -32.331 -29.982 -31.178 -30.904 -30.779 -31.915 -31.53 -30.867 -31.57 -29.763 -32.637 -33.136 -31.736 -31.824 -32.064 -31.613 -30.619 -32.302 -30.944 -30.638 -31.97 -30.624 -30.285 -30.354 -30.985 -32.261 -31.262 -31.48 -31.489 -32.786 -30.96 -31.593 -31.641 -31.78600000000001 -30.761 -31.855 -31.97 -30.367 -32.028 -32.28400000000001 -30.725 -31.841 -32.718 -33.319 -30.883 -31.178 -31.45 -31.145 -31.079 -30.857 -32.071 -30.824 -31.137 -32.17699999999999 -30.422 -32.139 -32.269 -35.454 -31.814 -33.352 -32.355 -31.65 -30.455 -29.91 -32.234 -31.602 -30.235 -29.706 -32.296 -31.648 -31.648 -29.673 -29.692 -30.988 -29.439 -29.507 -30.637 -30.998 -30.165 -32.02 -30.183 -29.006 -29.091 -29.786 -30.722 -31.007 -30.37 -31.063 -33.173 -30.201 -34.939 -31.573 -29.915 -34.042 -31.892 -32.687 -32.963 -29.482 -31.734 -29.958 -32.806 -30.777 -28.436 -31.345 -31.548 -30.312 -29.196 -30.091 -30.136 -29.657 -31.703 -31.739 -31.186 -31.012 -30.806 -32.356 -31.646 -32.952 -32.649 -29.736 -30.845 -32.487 -32.682 -30.483 -30.299 -30.649 -31.315 -30.377 -32.835 -30.006 -30.186 -30.866 -31.512 -32.109 -32.21000000000001 -30.409 -30.94 -32.8 -30.105 -32.058 -32.023 -29.94300000000001 -31.843 -29.973 -29.772 -31.698 -30.11 -32.648 -30.869 -31.13 -32.734 -30.816 -31.239 -33.354 -32.28100000000001 -29.842 -28.762 -32.967 -33.441 -30.822 -30.095 -29.85 -31.844 -30.493 -31.451 -32.9 -31.081 -30.948 -30.348 -31.106 -30.798 -30.395 -31.44 -29.727 -30.841 -31.642 -30.493 -30.954 -32.285 -31.33 -31.405 -30.386 -31.078 -31.429 -30.576 -30.02 -30.38 -30.768 -30.162 -32.63800000000001 -29.832 -28.995 -32.399 -29.923 -31.24 -32.32600000000001 -30.709 -28.983 -29.039 -32.502 -32.021 -29.136 -30.987 -31.29 -30.487 -31.635 -29.894 -29.889 -30.894 -31.48 -29.15 -31.218 -30.253 -30.782 -30.932 -30.784 -29.558 -30.445 -31.48 -31.785 -30.402 -29.497 -28.985 -31.514 -30.136 -33.749 -29.986 -29.803 -29.702 -29.693 -29.995 -30.239 -30.085 -30.75100000000001 -30.609 -29.75 -30.896 -30.905 -32.08199999999999 -30.988 -29.5 -29.25 -30.59 -30.943 -29.457 -29.692 -30.196 -33.214 -30.659 -31.133 -29.913 -29.205 -27.929 -28.635 -30.765 -30.703 -28.557 -29.949 -30.36 -31.478 -31.83 -29.865 -28.438 -29.759 -28.951 -32.834 -31.806 -30.769 -29.711 -29.191 -30.626 -29.861 -28.326 -28.2 -27.629 -29.069 -28.248 -32.001 -32.26000000000001 -29.626 -31.517 -28.397 -31.158 -32.222 -31.625 -30.181 -29.797 -28.911 -30.302 -29.752 -28.288 -29.259 -30.575 -28.871 -29.742 -29.215 -27.764 -30.24 -29.413 -29.642 -28.737 -30.745 -30.536 -30.678 -30.335 -31.836 -28.206 -30.085 -32.956 -29.691 -28.286 -29.255 -29.401 -29.365 -30.117 -32.254 -29.956 -29.583 -30.703 -26.84100000000001 -28.825 -29.327 -30.299 -28.866 -30.635 -30.177 -31.624 -29.696 -30.108 -28.634 -29.564 -28.847 -29.386 -30.754 -28.843 -31.148 -29.274 -30.428 -30.207 -30.402 -29.185 -28.348 -29.989 -30.432 -28.193 -27.822 -29.353 -27.935 -27.837 -30.261 -29.393 -29.609 -28.553 -29.94 -29.88 -29.597 -28.728 -31.19000000000001 -31.108 -28.788 -28.763 -28.4 -28.948 -29.341 -30.009 -30.699 -29.674 -30.483 -29.534 -29.185 -29.668 -29.257 -30.491 -29.791 -29.542 -29.476 -27.635 -29.891 -30.019 -29.493 -29.494 -29.86 -29.871 -30.576 -29.272 -28.677 -28.766 -32.533 -28.233 -28.869 -29.423 -29.514 -27.35 -29.796 -31.862 -28.904 -29.827 -29.876 -29.97 -28.563 -27.624 -28.714 -28.458 -27.542 -29.795 -29.949 -28.321 -29.359 -29.348 -30.704 -28.224 -27.979 -28.426 -28.197 -29.58 -30.329 -28.417 -28.288 -28.771 -30.519 -29.446 -29.26 -27.857 -28.362 -30.792 -32.35 -28.771 -28.678 -29.969 -29.972 -28.11 -30.198 -29.083 -26.851 -29.835 -31.237 -29.726 -30.189 -29.043 ]
   )
  )
)
 ( "Meter"
  (record
   ( "Freq"
	 [ 1000 1048.75 1097.5 1146.25 1195 1243.75 1292.5 1341.25 1390 1438.75 1487.5 1536.25 1585 1633.75 1682.5 1731.25 1780 1828.75 1877.5 1926.25 1975 2023.75 2072.5 2121.25 2170 2218.75 2267.5 2316.25 2365 2413.75 2462.5 2511.25 2560 2608.75 2657.5 2706.25 2755 2803.75 2852.5 2901.25 2950 2998.75 3047.5 3096.25 3145 3193.75 3242.5 3291.25 3340 3388.75 3437.5 3486.25 3535 3583.75 3632.5 3681.25 3730 3778.75 3827.5 3876.25 3925 3973.75 4022.5 4071.25 4120 4168.75 4217.5 4266.25 4315 4363.75 4412.5 4461.25 4510 4558.75 4607.5 4656.25 4705 4753.75 4802.5 4851.25 4900 4948.75 4997.5 5046.25 5095 5143.75 5192.5 5241.25 5290 5338.75 5387.5 5436.25 5485 5533.75 5582.5 5631.25 5680 5728.75 5777.5 5826.25 5875 5923.75 5972.5 6021.25 6070 6118.75 6167.5 6216.25 6265 6313.75 6362.5 6411.25 6460 6508.75 6557.5 6606.25 6655 6703.75 6752.5 6801.25 6850 6898.75 6947.5 6996.25 7045 7093.75 7142.5 7191.25 7240 7288.75 7337.5 7386.25 7435 7483.75 7532.5 7581.25 7630 7678.75 7727.5 7776.25 7825 7873.75 7922.5 7971.25 8020 8068.75 8117.5 8166.25 8215 8263.75 8312.5 8361.25 8410 8458.75 8507.5 8556.25 8605 8653.75 8702.5 8751.25 8800 8848.75 8897.5 8946.25 8995 9043.75 9092.5 9141.25 9190 9238.75 9287.5 9336.25 9385 9433.75 9482.5 9531.25 9580 9628.75 9677.5 9726.25 9775 9823.75 9872.5 9921.25 9970 10018.75 10067.5 10116.25 10165 10213.75 10262.5 10311.25 10360 10408.75 10457.5 10506.25 10555 10603.75 10652.5 10701.25 10750 10798.75 10847.5 10896.25 10945 10993.75 11042.5 11091.25 11140 11188.75 11237.5 11286.25 11335 11383.75 11432.5 11481.25 11530 11578.75 11627.5 11676.25 11725 11773.75 11822.5 11871.25 11920 11968.75 12017.5 12066.25 12115 12163.75 12212.5 12261.25 12310 12358.75 12407.5 12456.25 12505 12553.75 12602.5 12651.25 12700 12748.75 12797.5 12846.25 12895 12943.75 12992.5 13041.25 13090 13138.75 13187.5 13236.25 13285 13333.75 13382.5 13431.25 13480 13528.75 13577.5 13626.25 13675 13723.75 13772.5 13821.25 13870 13918.75 13967.5 14016.25 14065 14113.75 14162.5 14211.25 14260 14308.75 14357.5 14406.25 14455 14503.75 14552.5 14601.25 14650 14698.75 14747.5 14796.25 14845 14893.75 14942.5 14991.25 15040 15088.75 15137.5 15186.25 15235 15283.75 15332.5 15381.25 15430 15478.75 15527.5 15576.25 15625 15673.75 15722.5 15771.25 15820 15868.75 15917.5 15966.25 16015 16063.75 16112.5 16161.25 16210 16258.75 16307.5 16356.25 16405 16453.75 16502.5 16551.25 16600 16648.75 16697.5 16746.25 16795 16843.75 16892.5 16941.25 16990 17038.75 17087.5 17136.25 17185 17233.75 17282.5 17331.25 17380 17428.75 17477.5 17526.25 17575 17623.75 17672.5 17721.25 17770 17818.75 17867.5 17916.25 17965 18013.75 18062.5 18111.25 18160 18208.75 18257.5 18306.25 18355 18403.75 18452.5 18501.25 18550 18598.75 18647.5 18696.25 18745 18793.75 18842.5 18891.25 18940 18988.75 19037.5 19086.25 19135 19183.75 19232.5 19281.25 19330 19378.75 19427.5 19476.25 19525 19573.75 19622.5 19671.25 19720 19768.75 19817.5 19866.25 19915 19963.75 20012.5 20061.25 20110 20158.75 20207.5 20256.25 20305 20353.75 20402.5 20451.25 20500 20548.75 20597.5 20646.25 20695 20743.75 20792.5 20841.25 20890 20938.75 20987.5 21036.25 21085 21133.75 21182.5 21231.25 21280 21328.75 21377.5 21426.25 21475 21523.75 21572.5 21621.25 21670 21718.75 21767.5 21816.25 21865 21913.75 21962.5 22011.25 22060 22108.75 22157.5 22206.25 22255 22303.75 22352.5 22401.25 22450 22498.75 22547.5 22596.25 22645 22693.75 22742.5 22791.25 22840 22888.75 22937.5 22986.25 23035 23083.75 23132.5 23181.25 23230 23278.75 23327.5 23376.25 23425 23473.75 23522.5 23571.25 23620 23668.75 23717.5 23766.25 23815 23863.75 23912.5 23961.25 24010 24058.75 24107.5 24156.25 24205 24253.75 24302.5 24351.25 24400 24448.75 24497.5 24546.25 24595 24643.75 24692.5 24741.25 24790 24838.75 24887.5 24936.25 24985 25033.75 25082.5 25131.25 25180 25228.75 25277.5 25326.25 25375 25423.75 25472.5 25521.25 25570 25618.75 25667.5 25716.25 25765 25813.75 25862.5 25911.25 25960 26008.75 26057.5 26106.25 26155 26203.75 26252.5 26301.25 26350 26398.75 26447.5 26496.25 26545 26593.75 26642.5 26691.25 26740 26788.75 26837.5 26886.25 26935 26983.75 27032.5 27081.25 27130 27178.75 27227.5 27276.25 27325 27373.75 27422.5 27471.25 27520 27568.75 27617.5 27666.25 27715 27763.75 27812.5 27861.25 27910 27958.75 28007.5 28056.25 28105 28153.75 28202.5 28251.25 28300 28348.75 28397.5 28446.25 28495 28543.75 28592.5 28641.25 28690 28738.75 28787.5 28836.25 28885 28933.75 28982.5 29031.25 29080 29128.75 29177.5 29226.25 29275 29323.75 29372.5 29421.25 29470 29518.75 29567.5 29616.25 29665 29713.75 29762.5 29811.25 29860 29908.75 29957.5 30006.25 30055 30103.75 30152.5 30201.25 30250 30298.75 30347.5 30396.25 30445 30493.75 30542.5 30591.25 30640 30688.75 30737.5 30786.25 30835 30883.75 30932.5 30981.25 31030 31078.75 31127.5 31176.25 31225 31273.75 31322.5 31371.25 31420 31468.75 31517.5 31566.25 31615 31663.75 31712.5 31761.25 31810 31858.75 31907.5 31956.25 32005 32053.75 32102.5 32151.25 32200 32248.75 32297.5 32346.25 32395 32443.75 32492.5 32541.25 32590 32638.75 32687.5 32736.25 32785 32833.75 32882.5 32931.25 32980 33028.75 33077.5 33126.25 33175 33223.75 33272.5 33321.25 33370 33418.75 33467.5 33516.25 33565 33613.75 33662.5 33711.25 33760 33808.75 33857.5 33906.25 33955 34003.75 34052.5 34101.25 34150 34198.75 34247.5 34296.25 34345 34393.75 34442.5 34491.25 34540 34588.75 34637.5 34686.25 34735 34783.75 34832.5 34881.25 34930 34978.75 35027.5 35076.25 35125 35173.75 35222.5 35271.25 35320 35368.75 35417.5 35466.25 35515 35563.75 35612.5 35661.25 35710 35758.75 35807.5 35856.25 35905 35953.75 36002.5 36051.25 36100 36148.75 36197.5 36246.25 36295 36343.75 36392.5 36441.25 36490 36538.75 36587.5 36636.25 36685 36733.75 36782.5 36831.25 36880 36928.75 36977.5 37026.25 37075 37123.75 37172.5 37221.25 37270 37318.75 37367.5 37416.25 37465 37513.75 37562.5 37611.25 37660 37708.75 37757.5 37806.25 37855 37903.75 37952.5 38001.25 38050 38098.75 38147.5 38196.25 38245 38293.75 38342.5 38391.25 38440 38488.75 38537.5 38586.25 38635 38683.75 38732.5 38781.25 38830 38878.75 38927.5 38976.25 39025 39073.75 39122.5 39171.25 39220 39268.75 39317.5 39366.25 39415 39463.75 39512.5 39561.25 39610 39658.75 39707.5 39756.25 39805 39853.75 39902.5 39951.25 40000 ]
   )
   ( "dBm"
	 [ -23.175 -23.199 -23.216 -23.213 -23.237 -23.199 -23.196 -23.263 -23.285 -23.252 -23.227 -23.341 -23.326 -23.348 -23.342 -23.382 -23.343 -23.352 -23.337 -23.295 -23.348 -23.736 -23.741 -23.724 -23.743 -23.766 -23.783 -23.822 -23.842 -23.861 -23.835 -23.854 -23.851 -23.854 -23.868 -23.89 -23.885 -23.901 -23.92 -23.938 -23.935 -23.929 -23.947 -23.923 -23.949 -23.962 -23.986 -23.963 -23.968 -23.972 -23.958 -23.978 -23.988 -23.968 -23.984 -23.994 -24.013 -23.998 -23.998 -24.022 -24.007 -24.006 -24.021 -24.022 -24.017 -24.008 -24.025 -24.015 -24.034 -24.036 -24.056 -24.057 -24.074 -24.07 -24.072 -24.082 -24.104 -24.078 -24.099 -24.094 -24.12 -24.099 -24.107 -24.104 -24.121 -24.117 -24.137 -24.143 -24.154 -24.18 -24.192 -24.17 -24.179 -24.197 -24.218 -24.202 -24.213 -24.229 -24.205 -24.216 -24.258 -24.237 -24.256 -24.24 -24.274 -24.252 -24.289 -24.293 -24.288 -24.296 -24.295 -24.298 -24.267 -24.283 -24.288 -24.284 -24.27 -24.286 -24.295 -24.276 -24.337 -24.301 -24.317 -24.331 -24.308 -24.3 -24.317 -24.345 -24.318 -24.318 -24.331 -24.355 -24.319 -24.36 -24.317 -24.357 -24.304 -24.315 -24.319 -24.318 -24.341 -24.316 -24.308 -24.317 -24.334 -24.335 -24.34 -24.335 -24.353 -24.338 -24.348 -24.351 -24.35 -24.343 -24.345 -24.36 -24.344 -24.369 -24.375 -24.361 -24.379 -24.385 -24.407 -24.37 -24.415 -24.4 -24.407 -24.416 -24.397 -24.432 -24.391 -24.41 -24.434 -24.424 -24.416 -24.446 -24.433 -24.471 -24.442 -24.469 -24.474 -24.443 -24.491 -24.433 -24.5 -24.467 -24.502 -24.502 -24.494 -24.498 -24.498 -24.486 -24.521 -24.539 -24.484 -24.536 -24.524 -24.63 -24.552 -24.587 -24.547 -24.537 -24.552 -24.549 -24.553 -24.546 -24.552 -24.555 -24.579 -24.577 -24.62 -24.585 -24.605 -24.603 -24.579 -24.607 -24.62 -24.643 -24.615 -24.609 -24.623 -24.611 -24.622 -24.643 -24.642 -24.643 -24.671 -24.656 -24.679 -24.697 -24.717 -24.675 -24.686 -24.69 -24.693 -24.71 -24.713 -24.724 -24.718 -24.715 -24.74 -24.778 -24.774 -24.758 -24.773 -24.748 -24.77 -24.781 -24.8 -24.791 -24.799 -24.807 -24.805 -24.819 -24.856 -24.833 -24.837 -24.845 -24.874 -24.867 -24.927 -24.932 -24.866 -24.889 -24.911 -24.93 -24.935 -25.016 -24.934 -24.952 -24.944 -25.057 -24.96 -25.072 -24.991 -25.026 -24.996 -25.054 -25.085 -24.986 -25.089 -24.996 -25.054 -24.996 -25.099 -25.052 -25.071 -25.048 -25.085 -25.074 -25.087 -25.157 -25.088 -25.141 -25.048 -25.145 -25.084 -25.138 -25.14 -25.09 -25.102 -25.075 -25.141 -25.095 -25.164 -25.13 -25.139 -25.138 -25.169 -25.171 -25.16 -25.181 -25.142 -25.159 -25.13 -25.195 -25.172 -25.14 -25.173 -25.131 -25.165 -25.12 -25.213 -25.189 -25.225 -25.202 -25.231 -25.221 -25.248 -25.224 -25.217 -25.255 -25.2 -25.273 -25.211 -25.424 -25.23 -25.294 -25.261 -25.284 -25.295 -25.275 -25.355 -25.31 -25.383 -25.318 -25.319 -25.331 -25.389 -25.32 -25.329 -25.294 -25.327 -25.331 -25.335 -25.373 -25.355 -25.386 -25.355 -25.366 -25.397 -25.391 -25.408 -25.381 -25.405 -25.363 -25.405 -25.393 -25.39 -25.383 -25.4 -25.408 -25.407 -25.421 -25.445 -25.464 -25.463 -25.489 -25.453 -25.478 -25.471 -25.5 -25.5 -25.514 -25.526 -25.498 -25.499 -25.525 -25.535 -25.545 -25.552 -25.568 -25.587 -25.577 -25.623 -25.615 -25.594 -25.615 -25.577 -25.633 -25.634 -25.639 -25.61 -25.596 -25.622 -25.634 -25.628 -25.646 -25.66 -25.687 -25.66 -25.712 -25.695 -25.706 -25.706 -25.699 -25.713 -25.707 -25.753 -25.713 -25.741 -25.725 -25.724 -25.713 -25.713 -25.719 -25.736 -25.733 -25.779 -25.8 -25.775 -25.802 -25.781 -25.772 -25.778 -25.803 -25.798 -25.787 -25.814 -25.818 -25.808 -25.848 -25.864 -25.843 -25.885 -25.876 -25.943 -25.889 -25.971 -25.948 -25.923 -25.953 -25.92 -25.932 -25.915 -25.924 -25.929 -25.912 -25.924 -25.947 -25.944 -25.954 -25.941 -25.965 -25.935 -25.949 -25.944 -25.927 -25.945 -25.917 -25.933 -25.912 -25.923 -25.931 -25.94 -25.941 -25.952 -25.943 -25.958 -25.954 -25.963 -25.957 -25.944 -25.963 -25.93 -25.957 -25.954 -25.945 -25.943 -25.939 -25.964 -25.948 -26.004 -26.019 -25.996 -25.99 -25.99 -26.006 -25.983 -26.007 -25.986 -25.975 -25.996 -26.022 -26.041 -26.079 -26.055 -26.079 -26.066 -26.08 -26.112 -26.095 -26.101 -26.077 -26.088 -26.074 -26.087 -26.101 -26.09 -26.118 -26.135 -26.14 -26.155 -26.145 -26.178 -26.147 -26.173 -26.171 -26.158 -26.134 -26.174 -26.188 -26.183 -26.212 -26.203 -26.232 -26.225 -26.245 -26.263 -26.266 -26.27 -26.291 -26.268 -26.328 -26.301 -26.299 -26.224 -26.266 -26.26 -26.301 -26.3 -26.318 -26.336 -26.302 -26.32 -26.352 -26.351 -26.377 -26.371 -26.38 -26.371 -26.481 -26.476 -26.466 -26.463 -26.454 -26.483 -26.502 -26.543 -26.482 -26.496 -26.468 -26.49 -26.463 -26.53 -26.498 -26.516 -26.493 -26.522 -26.541 -26.539 -26.531 -26.546 -26.522 -26.54 -26.516 -26.521 -26.456 -26.476 -26.48 -26.529 -26.521 -26.571 -26.558 -26.594 -26.65 -26.682 -26.698 -26.681 -26.702 -26.657 -26.657 -26.665 -26.651 -26.616 -26.612 -26.65 -26.643 -26.73 -26.777 -26.8 -26.853 -26.9 -27.031 -26.942 -26.964 -26.891 -26.896 -26.866 -26.872 -26.868 -26.915 -26.873 -27.044 -26.963 -27.134 -27.107 -27.146 -27.191 -27.124 -27.237 -27.18 -27.39 -27.914 -28.171 -27.462 -27.281 -27.338 -27.563 -27.238 -27.163 -27.174 -27.191 -27.213 -27.232 -27.214 -27.221 -27.171 -27.189 -27.13 -27.146 -27.102 -27.067 -27.087 -27.136 -27.151 -27.192 -27.241 -27.261 -27.29 -27.288 -27.364 -27.291 -27.354 -27.291 -27.267 -27.28 -27.219 -27.319 -27.209 -27.296 -27.276 -27.338 -27.344 -27.374 -27.38 -27.402 -27.402 -27.418 -27.387 -27.36 -27.374 -27.324 -27.371 -27.303 -27.392 -27.296 -27.356 -27.365 -27.392 -27.4 -27.391 -27.376 -27.384 -27.408 -27.43 -27.402 -27.429 -27.432 -27.52 -27.474 -27.584 -27.513 -27.498 -27.494 -27.433 -27.439 -27.404 -27.493 -27.425 -27.477 -27.431 -27.505 -27.465 -27.552 -27.505 -27.496 -27.452 -27.47 -27.461 -27.392 -27.38 -27.328 -27.345 -27.305 -27.338 -27.337 -27.358 -27.37 -27.39 -27.433 -27.43 -27.491 -27.468 -27.473 -27.464 -27.422 -27.439 -27.42 -27.406 -27.462 -27.441 -27.487 -27.558 -27.563 -27.649 -27.706 -27.705 -27.652 -27.661 -27.721 -27.62 -27.602 -27.673 -27.582 -27.66 -27.662 -27.711 -27.791 -27.709 -27.865 -27.838 -27.871 -27.987 -27.858 -28.024 -27.823 -27.913 -27.751 -27.715 -27.762 -27.683 -27.82 -27.892 -28.242 -28.729 -28.162 -27.899 -27.833 -27.825 -27.823 -27.794 -27.744 -27.691 -27.668 -27.57 -27.568 -27.509 -27.507 -27.476 -27.492 -27.52 -27.544 -27.618 -27.692 -27.672 -27.742 -27.713 -27.774 -27.695 -27.704 ]
   )
  )
)
)
